16, 9.0, 4.0, 24.0, 1
24, 14.0, 9.0, 29.0, 1
28, 19.0, 4.0, 34.0, 1
32, 4.0, 19.0, 39.0, 1
38, 9.0, 24.0, 44.0, 1
45, 14.0, 29.0, 49.0, 1
48, 19.0, 34.0, 54.0, 1
54, 24.0, 4.0, 59.0, 1
55, 4.0, 39.0, 59.0, 1
61, 29.0, 9.0, 64.0, 1
62, 9.0, 44.0, 64.0, 1
69, 14.0, 49.0, 69.0, 1
72, 39.0, 19.0, 74.0, 1
73, 19.0, 54.0, 74.0, 1
79, 44.0, 24.0, 79.0, 1
80, 24.0, 59.0, 79.0, 1
86, 49.0, 29.0, 84.0, 1
87, 29.0, 64.0, 84.0, 1
94, 14.0, 69.0, 89.0, 1
97, 59.0, 39.0, 94.0, 1
98, 39.0, 74.0, 94.0, 1
99, 79.0, 59.0, 94.0, 1
104, 64.0, 44.0, 99.0, 1
105, 44.0, 79.0, 99.0, 1
106, 84.0, 64.0, 99.0, 1
111, 69.0, 49.0, 104.0, 1
112, 49.0, 84.0, 104.0, 1
113, 89.0, 69.0, 104.0, 1
118, 54.0, 34.0, 109.0, 1
119, 74.0, 54.0, 109.0, 1
124, 79.0, 94.0, 114.0, 1
126, 94.0, 74.0, 114.0, 1
127, 74.0, 109.0, 114.0, 1
131, 84.0, 99.0, 119.0, 1
133, 99.0, 79.0, 119.0, 1
134, 79.0, 114.0, 119.0, 1
139, 89.0, 104.0, 124.0, 1
140, 104.0, 84.0, 124.0, 1
141, 84.0, 119.0, 124.0, 1
155, 114.0, 109.0, 139.0, 1
156, 109.0, 134.0, 139.0, 1
162, 119.0, 114.0, 144.0, 1
163, 114.0, 139.0, 144.0, 1
170, 124.0, 119.0, 149.0, 1
171, 119.0, 144.0, 149.0, 1
175, 129.0, 14.0, 154.0, 0
211, 154.0, 14.0, 184.0, 0
219, 159.0, 129.0, 189.0, 1
229, 164.0, 134.0, 199.0, 1
235, 139.0, 134.0, 204.0, 1
236, 169.0, 139.0, 204.0, 1
237, 134.0, 164.0, 204.0, 1
244, 144.0, 139.0, 209.0, 1
245, 174.0, 144.0, 209.0, 1
246, 139.0, 169.0, 209.0, 1
252, 149.0, 144.0, 214.0, 1
253, 179.0, 149.0, 214.0, 1
254, 144.0, 174.0, 214.0, 1
259, 89.0, 124.0, 219.0, 1
260, 124.0, 149.0, 219.0, 1
261, 149.0, 179.0, 219.0, 1
266, 129.0, 154.0, 224.0, 1
267, 189.0, 129.0, 224.0, 1
268, 154.0, 184.0, 224.0, 1
275, 159.0, 189.0, 229.0, 1
276, 194.0, 159.0, 229.0, 1
281, 109.0, 34.0, 234.0, 0
282, 134.0, 109.0, 234.0, 1
283, 199.0, 134.0, 234.0, 1
290, 164.0, 199.0, 239.0, 1
291, 204.0, 164.0, 239.0, 1
299, 169.0, 204.0, 244.0, 1
300, 209.0, 169.0, 244.0, 1
307, 174.0, 209.0, 249.0, 1
308, 214.0, 174.0, 249.0, 1
314, 179.0, 214.0, 254.0, 1
315, 219.0, 179.0, 254.0, 1
323, 224.0, 184.0, 259.0, 1
328, 189.0, 224.0, 264.0, 1
329, 229.0, 189.0, 264.0, 1
335, 194.0, 229.0, 269.0, 1
378, 259.0, 184.0, 299.0, 1
385, 224.0, 259.0, 304.0, 1
386, 264.0, 224.0, 304.0, 1
393, 229.0, 264.0, 309.0, 1
394, 269.0, 229.0, 309.0, 1
398, 194.0, 269.0, 314.0, 1
402, 199.0, 234.0, 319.0, 1
403, 234.0, 274.0, 319.0, 1
404, 239.0, 199.0, 319.0, 1
405, 279.0, 239.0, 319.0, 1
412, 204.0, 239.0, 324.0, 1
413, 239.0, 279.0, 324.0, 1
414, 244.0, 204.0, 324.0, 1
415, 284.0, 244.0, 324.0, 1
422, 209.0, 244.0, 329.0, 1
423, 244.0, 284.0, 329.0, 1
424, 249.0, 209.0, 329.0, 1
425, 289.0, 249.0, 329.0, 1
431, 214.0, 249.0, 334.0, 1
432, 249.0, 289.0, 334.0, 1
433, 254.0, 214.0, 334.0, 1
434, 294.0, 254.0, 334.0, 1
439, 219.0, 254.0, 339.0, 1
440, 254.0, 294.0, 339.0, 1
445, 259.0, 299.0, 344.0, 1
446, 304.0, 259.0, 344.0, 1
452, 264.0, 304.0, 349.0, 1
453, 309.0, 264.0, 349.0, 1
458, 269.0, 309.0, 354.0, 1
459, 314.0, 269.0, 354.0, 1
464, 319.0, 274.0, 359.0, 1
471, 279.0, 319.0, 364.0, 1
472, 324.0, 279.0, 364.0, 1
480, 284.0, 324.0, 369.0, 1
481, 329.0, 284.0, 369.0, 1
488, 289.0, 329.0, 374.0, 1
489, 334.0, 289.0, 374.0, 1
495, 294.0, 334.0, 379.0, 1
496, 339.0, 294.0, 379.0, 1
504, 344.0, 299.0, 384.0, 1
510, 304.0, 344.0, 389.0, 1
511, 349.0, 304.0, 389.0, 1
516, 309.0, 349.0, 394.0, 1
517, 354.0, 309.0, 394.0, 1
523, 314.0, 354.0, 399.0, 1
526, 319.0, 359.0, 404.0, 1
534, 324.0, 364.0, 409.0, 1
542, 329.0, 369.0, 414.0, 1
549, 334.0, 374.0, 419.0, 1
555, 339.0, 379.0, 424.0, 1
560, 344.0, 384.0, 429.0, 1
568, 349.0, 389.0, 434.0, 1
570, 389.0, 344.0, 434.0, 1
575, 354.0, 394.0, 439.0, 1
577, 394.0, 349.0, 439.0, 1
583, 314.0, 399.0, 444.0, 1
584, 399.0, 354.0, 444.0, 1
588, 404.0, 359.0, 449.0, 1
598, 409.0, 364.0, 454.0, 1
607, 414.0, 369.0, 459.0, 1
615, 419.0, 374.0, 464.0, 1
620, 339.0, 424.0, 469.0, 1
622, 424.0, 379.0, 469.0, 1
651, 314.0, 444.0, 489.0, 1
656, 364.0, 319.0, 494.0, 1
657, 319.0, 404.0, 494.0, 1
658, 404.0, 449.0, 494.0, 1
659, 454.0, 364.0, 494.0, 1
666, 369.0, 324.0, 499.0, 1
667, 324.0, 409.0, 499.0, 1
668, 409.0, 454.0, 499.0, 1
669, 459.0, 369.0, 499.0, 1
676, 374.0, 329.0, 504.0, 1
677, 329.0, 414.0, 504.0, 1
678, 414.0, 459.0, 504.0, 1
679, 464.0, 374.0, 504.0, 1
685, 379.0, 334.0, 509.0, 1
686, 334.0, 419.0, 509.0, 1
687, 419.0, 464.0, 509.0, 1
688, 469.0, 379.0, 509.0, 1
696, 384.0, 299.0, 514.0, 1
698, 429.0, 384.0, 514.0, 1
699, 474.0, 429.0, 514.0, 1
707, 344.0, 429.0, 519.0, 1
708, 429.0, 474.0, 519.0, 1
709, 434.0, 344.0, 519.0, 1
710, 479.0, 434.0, 519.0, 1
716, 349.0, 434.0, 524.0, 1
717, 434.0, 479.0, 524.0, 1
718, 439.0, 349.0, 524.0, 1
719, 484.0, 439.0, 524.0, 1
726, 354.0, 439.0, 529.0, 1
727, 439.0, 484.0, 529.0, 1
728, 444.0, 354.0, 529.0, 1
729, 489.0, 444.0, 529.0, 1
733, 494.0, 449.0, 534.0, 1
740, 499.0, 454.0, 539.0, 1
748, 504.0, 459.0, 544.0, 1
755, 509.0, 464.0, 549.0, 1
763, 474.0, 514.0, 554.0, 1
770, 479.0, 519.0, 559.0, 1
777, 484.0, 524.0, 564.0, 1
785, 489.0, 529.0, 569.0, 1
789, 454.0, 494.0, 574.0, 1
790, 539.0, 454.0, 574.0, 1
791, 494.0, 534.0, 574.0, 1
797, 459.0, 499.0, 579.0, 1
798, 544.0, 459.0, 579.0, 1
799, 499.0, 539.0, 579.0, 1
805, 464.0, 504.0, 584.0, 1
806, 549.0, 464.0, 584.0, 1
807, 504.0, 544.0, 584.0, 1
812, 469.0, 509.0, 589.0, 1
813, 509.0, 549.0, 589.0, 1
818, 519.0, 474.0, 594.0, 1
819, 559.0, 519.0, 594.0, 1
826, 524.0, 479.0, 599.0, 1
827, 564.0, 524.0, 599.0, 1
835, 529.0, 484.0, 604.0, 1
836, 569.0, 529.0, 604.0, 1
840, 539.0, 574.0, 609.0, 1
841, 579.0, 539.0, 609.0, 1
847, 544.0, 579.0, 614.0, 1
848, 584.0, 544.0, 614.0, 1
854, 549.0, 584.0, 619.0, 1
855, 589.0, 549.0, 619.0, 1
861, 474.0, 554.0, 624.0, 1
862, 594.0, 474.0, 624.0, 1
869, 479.0, 559.0, 629.0, 1
870, 599.0, 479.0, 629.0, 1
878, 484.0, 564.0, 634.0, 1
879, 604.0, 484.0, 634.0, 1
883, 579.0, 609.0, 639.0, 1
884, 614.0, 579.0, 639.0, 1
889, 584.0, 614.0, 644.0, 1
890, 619.0, 584.0, 644.0, 1
891, 589.0, 619.0, 644.0, 1
893, 614.0, 639.0, 644.0, 1
897, 624.0, 554.0, 649.0, 1
898, 594.0, 624.0, 649.0, 1
904, 599.0, 629.0, 654.0, 1
911, 489.0, 569.0, 659.0, 1
912, 569.0, 604.0, 659.0, 1
914, 604.0, 634.0, 659.0, 1
918, 559.0, 594.0, 664.0, 1
919, 629.0, 559.0, 664.0, 1
922, 654.0, 629.0, 664.0, 1
923, 594.0, 649.0, 664.0, 1
926, 564.0, 599.0, 669.0, 1
927, 634.0, 564.0, 669.0, 1
930, 659.0, 634.0, 669.0, 1
931, 599.0, 654.0, 669.0, 1
937, 664.0, 649.0, 674.0, 1
939, 654.0, 664.0, 674.0, 1
940, 669.0, 654.0, 674.0, 1
941, 184.0, 14.0, 679.0, 0
942, 299.0, 184.0, 679.0, 0
944, 514.0, 299.0, 679.0, 0
956, 14.0, 89.0, 684.0, 0
958, 89.0, 219.0, 684.0, 0
966, 679.0, 14.0, 689.0, 0
967, 14.0, 684.0, 689.0, 0
972, 679.0, 689.0, 694.0, 1
974, 554.0, 514.0, 699.0, 0
975, 514.0, 679.0, 699.0, 0
991, 689.0, 684.0, 709.0, 1
997, 694.0, 689.0, 714.0, 1
1005, 699.0, 679.0, 719.0, 1
1008, 219.0, 339.0, 724.0, 0
1009, 684.0, 219.0, 724.0, 0
1011, 704.0, 684.0, 724.0, 1
1020, 684.0, 704.0, 729.0, 1
1021, 709.0, 684.0, 729.0, 1
1027, 689.0, 709.0, 734.0, 1
1028, 714.0, 689.0, 734.0, 1
1035, 679.0, 694.0, 739.0, 1
1036, 719.0, 679.0, 739.0, 1
1037, 694.0, 714.0, 739.0, 1
1043, 699.0, 719.0, 744.0, 1
1085, 339.0, 469.0, 774.0, 0
1086, 724.0, 339.0, 774.0, 0
1087, 469.0, 589.0, 774.0, 0
1091, 749.0, 724.0, 774.0, 1
1097, 704.0, 724.0, 779.0, 1
1098, 724.0, 749.0, 779.0, 1
1099, 729.0, 704.0, 779.0, 1
1100, 754.0, 729.0, 779.0, 1
1107, 709.0, 729.0, 784.0, 1
1108, 729.0, 754.0, 784.0, 1
1109, 734.0, 709.0, 784.0, 1
1110, 759.0, 734.0, 784.0, 1
1116, 714.0, 734.0, 789.0, 1
1117, 734.0, 759.0, 789.0, 1
1118, 739.0, 714.0, 789.0, 1
1119, 764.0, 739.0, 789.0, 1
1126, 719.0, 739.0, 794.0, 1
1127, 739.0, 764.0, 794.0, 1
1129, 744.0, 719.0, 794.0, 1
1130, 769.0, 744.0, 794.0, 1
1134, 699.0, 744.0, 799.0, 1
1136, 744.0, 769.0, 799.0, 1
1144, 749.0, 774.0, 804.0, 1
1145, 779.0, 749.0, 804.0, 1
1151, 754.0, 779.0, 809.0, 1
1152, 784.0, 754.0, 809.0, 1
1159, 759.0, 784.0, 814.0, 1
1160, 789.0, 759.0, 814.0, 1
1166, 764.0, 789.0, 819.0, 1
1167, 794.0, 764.0, 819.0, 1
1174, 769.0, 794.0, 824.0, 1
1175, 799.0, 769.0, 824.0, 1
1178, 554.0, 699.0, 829.0, 0
1179, 699.0, 799.0, 829.0, 0
1180, 649.0, 554.0, 829.0, 0
1181, 674.0, 649.0, 829.0, 0
1188, 779.0, 804.0, 834.0, 1
1195, 784.0, 809.0, 839.0, 1
1203, 789.0, 814.0, 844.0, 1
1210, 794.0, 819.0, 849.0, 1
1216, 799.0, 824.0, 854.0, 1
1224, 804.0, 774.0, 859.0, 1
1232, 809.0, 779.0, 864.0, 1
1233, 779.0, 834.0, 864.0, 1
1241, 814.0, 784.0, 869.0, 1
1242, 784.0, 839.0, 869.0, 1
1249, 819.0, 789.0, 874.0, 1
1250, 789.0, 844.0, 874.0, 1
1256, 824.0, 794.0, 879.0, 1
1257, 794.0, 849.0, 879.0, 1
1265, 829.0, 799.0, 884.0, 1
1266, 799.0, 854.0, 884.0, 1
1271, 834.0, 804.0, 889.0, 1
1272, 804.0, 859.0, 889.0, 1
1279, 839.0, 809.0, 894.0, 1
1280, 809.0, 864.0, 894.0, 1
1288, 844.0, 814.0, 899.0, 1
1289, 814.0, 869.0, 899.0, 1
1296, 849.0, 819.0, 904.0, 1
1297, 819.0, 874.0, 904.0, 1
1303, 854.0, 824.0, 909.0, 1
1304, 824.0, 879.0, 909.0, 1
1313, 774.0, 589.0, 914.0, 0
1314, 859.0, 774.0, 914.0, 1
1315, 889.0, 859.0, 914.0, 1
1321, 864.0, 834.0, 919.0, 1
1322, 834.0, 889.0, 919.0, 1
1323, 894.0, 864.0, 919.0, 1
1330, 869.0, 839.0, 924.0, 1
1331, 839.0, 894.0, 924.0, 1
1332, 899.0, 869.0, 924.0, 1
1338, 874.0, 844.0, 929.0, 1
1339, 844.0, 899.0, 929.0, 1
1340, 904.0, 874.0, 929.0, 1
1345, 879.0, 849.0, 934.0, 1
1346, 849.0, 904.0, 934.0, 1
1347, 909.0, 879.0, 934.0, 1
1355, 884.0, 854.0, 939.0, 1
1356, 854.0, 909.0, 939.0, 1
1359, 889.0, 914.0, 944.0, 1
1360, 919.0, 889.0, 944.0, 1
1367, 894.0, 919.0, 949.0, 1
1368, 924.0, 894.0, 949.0, 1
1375, 899.0, 924.0, 954.0, 1
1376, 929.0, 899.0, 954.0, 1
1382, 904.0, 929.0, 959.0, 1
1383, 934.0, 904.0, 959.0, 1
1391, 909.0, 934.0, 964.0, 1
1392, 939.0, 909.0, 964.0, 1
1398, 944.0, 914.0, 969.0, 1
1399, 919.0, 944.0, 969.0, 1
1405, 924.0, 949.0, 974.0, 1
1413, 929.0, 954.0, 979.0, 1
1420, 934.0, 959.0, 984.0, 1
1430, 939.0, 964.0, 989.0, 1
1434, 949.0, 919.0, 994.0, 1
1435, 974.0, 949.0, 994.0, 1
1436, 919.0, 969.0, 994.0, 1
1442, 954.0, 924.0, 999.0, 1
1443, 979.0, 954.0, 999.0, 1
1444, 924.0, 974.0, 999.0, 1
1450, 959.0, 929.0, 1004.0, 1
1451, 984.0, 959.0, 1004.0, 1
1452, 929.0, 979.0, 1004.0, 1
1460, 964.0, 934.0, 1009.0, 1
1461, 989.0, 964.0, 1009.0, 1
1462, 934.0, 984.0, 1009.0, 1
1465, 974.0, 994.0, 1014.0, 1
1466, 999.0, 974.0, 1014.0, 1
1471, 979.0, 999.0, 1019.0, 1
1472, 1004.0, 979.0, 1019.0, 1
1473, 999.0, 1014.0, 1019.0, 1
1480, 984.0, 1004.0, 1024.0, 1
1481, 1009.0, 984.0, 1024.0, 1
1483, 1004.0, 1019.0, 1024.0, 1
1489, 644.0, 639.0, 1029.0, 0
1490, 589.0, 644.0, 1029.0, 0
1491, 914.0, 589.0, 1029.0, 0
1493, 969.0, 914.0, 1029.0, 0
1516, 639.0, 609.0, 1039.0, 0
1517, 1029.0, 639.0, 1039.0, 0
1518, 1034.0, 1029.0, 1039.0, 1
1525, 1029.0, 1034.0, 1044.0, 1
1540, 1044.0, 1034.0, 1054.0, 1
1547, 674.0, 829.0, 1059.0, 0
1548, 829.0, 884.0, 1059.0, 0
1549, 884.0, 939.0, 1059.0, 0
1550, 669.0, 674.0, 1059.0, 0
1559, 609.0, 574.0, 1064.0, 0
1560, 1039.0, 609.0, 1064.0, 0
1564, 574.0, 534.0, 1064.0, 0
1565, 1049.0, 1039.0, 1064.0, 1
1569, 1034.0, 1039.0, 1069.0, 1
1570, 1054.0, 1034.0, 1069.0, 1
1576, 994.0, 969.0, 1074.0, 0
1577, 969.0, 1029.0, 1074.0, 0
1580, 1029.0, 1044.0, 1074.0, 1
1596, 1064.0, 534.0, 1084.0, 0
1601, 1039.0, 1049.0, 1089.0, 1
1602, 1069.0, 1039.0, 1089.0, 1
1609, 1044.0, 1054.0, 1094.0, 1
1610, 1074.0, 1044.0, 1094.0, 1
1623, 1079.0, 1059.0, 1099.0, 1
1626, 659.0, 669.0, 1104.0, 0
1627, 669.0, 1059.0, 1104.0, 0
1631, 1059.0, 1079.0, 1104.0, 1
1635, 1049.0, 1064.0, 1109.0, 1
1636, 1089.0, 1049.0, 1109.0, 1
1637, 1064.0, 1084.0, 1109.0, 1
1642, 1054.0, 1069.0, 1114.0, 1
1643, 1094.0, 1054.0, 1114.0, 1
1644, 1069.0, 1089.0, 1114.0, 1
1650, 1059.0, 939.0, 1119.0, 0
1654, 1099.0, 1059.0, 1119.0, 1
1662, 1079.0, 1099.0, 1124.0, 1
1663, 1104.0, 1079.0, 1124.0, 1
1670, 1084.0, 534.0, 1129.0, 0
1675, 1089.0, 1109.0, 1134.0, 1
1682, 1094.0, 1114.0, 1139.0, 1
1702, 1124.0, 1099.0, 1149.0, 1
1705, 449.0, 359.0, 1154.0, 0
1706, 534.0, 449.0, 1154.0, 0
1707, 1129.0, 534.0, 1154.0, 0
1712, 1109.0, 1084.0, 1159.0, 1
1713, 1134.0, 1109.0, 1159.0, 1
1714, 1084.0, 1129.0, 1159.0, 1
1720, 1114.0, 1089.0, 1164.0, 1
1721, 1139.0, 1114.0, 1164.0, 1
1722, 1089.0, 1134.0, 1164.0, 1
1727, 939.0, 989.0, 1169.0, 0
1729, 989.0, 1009.0, 1169.0, 0
1730, 1009.0, 1024.0, 1169.0, 0
1741, 1144.0, 1119.0, 1174.0, 1
1746, 1099.0, 1119.0, 1179.0, 1
1747, 1119.0, 1144.0, 1179.0, 1
1748, 1149.0, 1099.0, 1179.0, 1
1754, 1104.0, 1124.0, 1184.0, 1
1755, 1124.0, 1149.0, 1184.0, 1
1758, 1129.0, 1154.0, 1189.0, 1
1764, 1134.0, 1159.0, 1194.0, 1
1773, 1139.0, 1164.0, 1199.0, 1
1787, 1119.0, 939.0, 1209.0, 0
1788, 939.0, 1169.0, 1209.0, 0
1789, 1174.0, 1119.0, 1209.0, 0
1795, 1144.0, 1174.0, 1214.0, 1
1801, 1149.0, 1179.0, 1219.0, 1
1810, 1104.0, 1184.0, 1224.0, 1
1813, 1159.0, 1129.0, 1229.0, 1
1814, 1129.0, 1189.0, 1229.0, 1
1820, 1164.0, 1134.0, 1234.0, 1
1821, 1134.0, 1194.0, 1234.0, 1
1827, 1074.0, 1094.0, 1239.0, 1
1828, 1094.0, 1139.0, 1239.0, 1
1829, 1139.0, 1199.0, 1239.0, 1
1834, 1169.0, 1204.0, 1244.0, 1
1858, 1179.0, 1144.0, 1259.0, 1
1859, 1144.0, 1214.0, 1259.0, 1
1865, 1184.0, 1149.0, 1264.0, 1
1866, 1149.0, 1219.0, 1264.0, 1
1871, 489.0, 659.0, 1269.0, 0
1872, 659.0, 1104.0, 1269.0, 0
1875, 1104.0, 1224.0, 1269.0, 1
1879, 1194.0, 1159.0, 1274.0, 1
1880, 1159.0, 1229.0, 1274.0, 1
1887, 1199.0, 1164.0, 1279.0, 1
1888, 1164.0, 1234.0, 1279.0, 1
1894, 1019.0, 1014.0, 1284.0, 0
1896, 1024.0, 1019.0, 1284.0, 0
1897, 1169.0, 1024.0, 1284.0, 0
1898, 1204.0, 1169.0, 1284.0, 0
1909, 1244.0, 1204.0, 1289.0, 1
1910, 1204.0, 1284.0, 1289.0, 1
1918, 1209.0, 1169.0, 1294.0, 1
1919, 1249.0, 1209.0, 1294.0, 1
1920, 1169.0, 1244.0, 1294.0, 1
1928, 1174.0, 1209.0, 1299.0, 0
1929, 1254.0, 1174.0, 1299.0, 0
1930, 1209.0, 1249.0, 1299.0, 1
1937, 1214.0, 1174.0, 1304.0, 1
1938, 1174.0, 1254.0, 1304.0, 1
1939, 1259.0, 1214.0, 1304.0, 1
1945, 1219.0, 1179.0, 1309.0, 1
1946, 1179.0, 1259.0, 1309.0, 1
1947, 1264.0, 1219.0, 1309.0, 1
1952, 1224.0, 1184.0, 1314.0, 1
1953, 1184.0, 1264.0, 1314.0, 1
1954, 1269.0, 1224.0, 1314.0, 1
1959, 1189.0, 1154.0, 1319.0, 1
1960, 1229.0, 1189.0, 1319.0, 1
1965, 1234.0, 1194.0, 1324.0, 1
1966, 1194.0, 1274.0, 1324.0, 1
1973, 1239.0, 1199.0, 1329.0, 1
1974, 1199.0, 1279.0, 1329.0, 1
1979, 1289.0, 1284.0, 1334.0, 1
1988, 1244.0, 1289.0, 1339.0, 1
1989, 1294.0, 1244.0, 1339.0, 1
1997, 1249.0, 1294.0, 1344.0, 1
1998, 1299.0, 1249.0, 1344.0, 1
2005, 1254.0, 1299.0, 1349.0, 0
2012, 1304.0, 1254.0, 1354.0, 1
2018, 1259.0, 1304.0, 1359.0, 1
2019, 1309.0, 1259.0, 1359.0, 1
2027, 1264.0, 1309.0, 1364.0, 1
2028, 1314.0, 1264.0, 1364.0, 1
2035, 1269.0, 1314.0, 1369.0, 1
2037, 1274.0, 1229.0, 1374.0, 1
2038, 1229.0, 1319.0, 1374.0, 1
2039, 1324.0, 1274.0, 1374.0, 1
2044, 1279.0, 1234.0, 1379.0, 1
2045, 1234.0, 1324.0, 1379.0, 1
2046, 1329.0, 1279.0, 1379.0, 1
2051, 1074.0, 1239.0, 1384.0, 0
2053, 1239.0, 1329.0, 1384.0, 1
2058, 1289.0, 1334.0, 1389.0, 1
2059, 1339.0, 1289.0, 1389.0, 1
2069, 1294.0, 1339.0, 1394.0, 1
2070, 1344.0, 1294.0, 1394.0, 1
2079, 1299.0, 1344.0, 1399.0, 1
2080, 1349.0, 1299.0, 1399.0, 1
2088, 1254.0, 1349.0, 1404.0, 0
2096, 1354.0, 1254.0, 1409.0, 1
2097, 1254.0, 1404.0, 1409.0, 1
2104, 1359.0, 1304.0, 1414.0, 1
2111, 1364.0, 1309.0, 1419.0, 1
2119, 1369.0, 1314.0, 1424.0, 1
2124, 1324.0, 1374.0, 1429.0, 1
2129, 1329.0, 1379.0, 1434.0, 1
2153, 1389.0, 1334.0, 1444.0, 1
2155, 1339.0, 1389.0, 1449.0, 1
2156, 1394.0, 1339.0, 1449.0, 1
2166, 1344.0, 1394.0, 1454.0, 1
2167, 1399.0, 1344.0, 1454.0, 1
2176, 1349.0, 1399.0, 1459.0, 1
2177, 1404.0, 1349.0, 1459.0, 1
2185, 1409.0, 1404.0, 1464.0, 1
2192, 1304.0, 1354.0, 1469.0, 1
2193, 1414.0, 1304.0, 1469.0, 1
2200, 1309.0, 1359.0, 1474.0, 1
2201, 1419.0, 1309.0, 1474.0, 1
2209, 1314.0, 1364.0, 1479.0, 1
2210, 1424.0, 1314.0, 1479.0, 1
2215, 1374.0, 1319.0, 1484.0, 1
2216, 1429.0, 1374.0, 1484.0, 1
2221, 1379.0, 1324.0, 1489.0, 1
2222, 1434.0, 1379.0, 1489.0, 1
2223, 1324.0, 1429.0, 1489.0, 1
2229, 1384.0, 1329.0, 1494.0, 1
2230, 1439.0, 1384.0, 1494.0, 1
2231, 1329.0, 1434.0, 1494.0, 1
2238, 1334.0, 1284.0, 1499.0, 1
2239, 1444.0, 1334.0, 1499.0, 1
2251, 1449.0, 1389.0, 1504.0, 1
2262, 1454.0, 1394.0, 1509.0, 1
2272, 1459.0, 1399.0, 1514.0, 1
2281, 1464.0, 1404.0, 1519.0, 1
2288, 1354.0, 1409.0, 1524.0, 1
2289, 1469.0, 1354.0, 1524.0, 1
2296, 1359.0, 1414.0, 1529.0, 1
2297, 1474.0, 1359.0, 1529.0, 1
2305, 1364.0, 1419.0, 1534.0, 1
2306, 1479.0, 1364.0, 1534.0, 1
2310, 314.0, 489.0, 1539.0, 0
2311, 489.0, 1269.0, 1539.0, 0
2313, 1269.0, 1369.0, 1539.0, 1
2314, 1369.0, 1424.0, 1539.0, 1
2320, 1489.0, 1429.0, 1544.0, 1
2326, 1494.0, 1434.0, 1549.0, 1
2335, 1499.0, 1284.0, 1554.0, 1
2349, 1389.0, 1444.0, 1559.0, 1
2350, 1504.0, 1389.0, 1559.0, 1
2362, 1394.0, 1449.0, 1564.0, 1
2363, 1509.0, 1394.0, 1564.0, 1
2374, 1399.0, 1454.0, 1569.0, 1
2375, 1514.0, 1399.0, 1569.0, 1
2385, 1404.0, 1459.0, 1574.0, 1
2386, 1519.0, 1404.0, 1574.0, 1
2395, 1409.0, 1464.0, 1579.0, 1
2396, 1524.0, 1409.0, 1579.0, 1
2404, 1414.0, 1469.0, 1584.0, 1
2405, 1529.0, 1414.0, 1584.0, 1
2412, 1419.0, 1474.0, 1589.0, 1
2413, 1534.0, 1419.0, 1589.0, 1
2419, 1424.0, 1479.0, 1594.0, 1
2420, 1539.0, 1424.0, 1594.0, 1
2426, 1429.0, 1484.0, 1599.0, 1
2427, 1544.0, 1429.0, 1599.0, 1
2432, 1434.0, 1489.0, 1604.0, 1
2433, 1549.0, 1434.0, 1604.0, 1
2434, 1489.0, 1544.0, 1604.0, 1
2439, 1014.0, 994.0, 1609.0, 0
2440, 994.0, 1074.0, 1609.0, 0
2441, 1284.0, 1014.0, 1609.0, 0
2442, 1554.0, 1284.0, 1609.0, 0
2458, 1444.0, 1499.0, 1614.0, 1
2459, 1559.0, 1444.0, 1614.0, 1
2460, 1499.0, 1554.0, 1614.0, 1
2471, 1449.0, 1504.0, 1619.0, 1
2472, 1564.0, 1449.0, 1619.0, 1
2473, 1504.0, 1559.0, 1619.0, 1
2483, 1454.0, 1509.0, 1624.0, 1
2484, 1569.0, 1454.0, 1624.0, 1
2485, 1509.0, 1564.0, 1624.0, 1
2494, 1459.0, 1514.0, 1629.0, 1
2495, 1574.0, 1459.0, 1629.0, 1
2496, 1514.0, 1569.0, 1629.0, 1
2504, 1464.0, 1519.0, 1634.0, 1
2505, 1579.0, 1464.0, 1634.0, 1
2506, 1519.0, 1574.0, 1634.0, 1
2513, 1469.0, 1524.0, 1639.0, 1
2514, 1584.0, 1469.0, 1639.0, 1
2515, 1524.0, 1579.0, 1639.0, 1
2521, 1474.0, 1529.0, 1644.0, 1
2522, 1589.0, 1474.0, 1644.0, 1
2523, 1529.0, 1584.0, 1644.0, 1
2530, 1479.0, 1534.0, 1649.0, 1
2531, 1594.0, 1479.0, 1649.0, 1
2532, 1534.0, 1589.0, 1649.0, 1
2536, 1599.0, 1484.0, 1654.0, 1
2549, 1554.0, 1609.0, 1664.0, 1
2562, 1559.0, 1614.0, 1669.0, 1
2564, 1614.0, 1554.0, 1669.0, 1
2574, 1564.0, 1619.0, 1674.0, 1
2576, 1619.0, 1559.0, 1674.0, 1
2585, 1569.0, 1624.0, 1679.0, 1
2587, 1624.0, 1564.0, 1679.0, 1
2595, 1574.0, 1629.0, 1684.0, 1
2597, 1629.0, 1569.0, 1684.0, 1
2604, 1579.0, 1634.0, 1689.0, 1
2606, 1634.0, 1574.0, 1689.0, 1
2612, 1584.0, 1639.0, 1694.0, 1
2614, 1639.0, 1579.0, 1694.0, 1
2619, 1589.0, 1644.0, 1699.0, 1
2621, 1644.0, 1584.0, 1699.0, 1
2628, 1594.0, 1649.0, 1704.0, 1
2629, 1649.0, 1589.0, 1704.0, 1
2632, 1544.0, 1599.0, 1709.0, 1
2633, 1599.0, 1654.0, 1709.0, 1
2634, 1604.0, 1544.0, 1709.0, 1
2635, 1659.0, 1604.0, 1709.0, 1
2641, 1549.0, 1604.0, 1714.0, 1
2642, 1604.0, 1659.0, 1714.0, 1
2739, 1659.0, 1709.0, 1764.0, 1
2743, 1439.0, 1494.0, 1769.0, 1
2744, 1494.0, 1549.0, 1769.0, 1
2745, 1549.0, 1714.0, 1769.0, 1
2750, 1554.0, 1664.0, 1774.0, 1
2751, 1664.0, 1719.0, 1774.0, 1
2752, 1669.0, 1554.0, 1774.0, 1
2753, 1724.0, 1669.0, 1774.0, 1
2764, 1559.0, 1669.0, 1779.0, 1
2765, 1669.0, 1724.0, 1779.0, 1
2766, 1674.0, 1559.0, 1779.0, 1
2767, 1729.0, 1674.0, 1779.0, 1
2777, 1564.0, 1674.0, 1784.0, 1
2778, 1674.0, 1729.0, 1784.0, 1
2779, 1679.0, 1564.0, 1784.0, 1
2780, 1734.0, 1679.0, 1784.0, 1
2789, 1569.0, 1679.0, 1789.0, 1
2790, 1679.0, 1734.0, 1789.0, 1
2791, 1684.0, 1569.0, 1789.0, 1
2792, 1739.0, 1684.0, 1789.0, 1
2800, 1574.0, 1684.0, 1794.0, 1
2801, 1684.0, 1739.0, 1794.0, 1
2802, 1689.0, 1574.0, 1794.0, 1
2803, 1744.0, 1689.0, 1794.0, 1
2810, 1579.0, 1689.0, 1799.0, 1
2811, 1689.0, 1744.0, 1799.0, 1
2812, 1694.0, 1579.0, 1799.0, 1
2813, 1749.0, 1694.0, 1799.0, 1
2819, 1584.0, 1694.0, 1804.0, 1
2820, 1694.0, 1749.0, 1804.0, 1
2821, 1699.0, 1584.0, 1804.0, 1
2822, 1754.0, 1699.0, 1804.0, 1
2827, 1589.0, 1699.0, 1809.0, 1
2828, 1699.0, 1754.0, 1809.0, 1
2829, 1704.0, 1589.0, 1809.0, 1
2830, 1759.0, 1704.0, 1809.0, 1
2836, 1594.0, 1704.0, 1814.0, 1
2837, 1704.0, 1759.0, 1814.0, 1
2841, 1714.0, 1659.0, 1819.0, 1
2842, 1659.0, 1764.0, 1819.0, 1
2844, 1769.0, 1714.0, 1819.0, 1
2850, 1719.0, 1664.0, 1824.0, 1
2852, 1774.0, 1719.0, 1824.0, 1
2864, 1724.0, 1774.0, 1829.0, 1
2865, 1779.0, 1724.0, 1829.0, 1
2876, 1729.0, 1779.0, 1834.0, 1
2877, 1784.0, 1729.0, 1834.0, 1
2887, 1734.0, 1784.0, 1839.0, 1
2888, 1789.0, 1734.0, 1839.0, 1
2897, 1739.0, 1789.0, 1844.0, 1
2898, 1794.0, 1739.0, 1844.0, 1
2906, 1744.0, 1794.0, 1849.0, 1
2907, 1799.0, 1744.0, 1849.0, 1
2914, 1749.0, 1799.0, 1854.0, 1
2915, 1804.0, 1749.0, 1854.0, 1
2921, 1754.0, 1804.0, 1859.0, 1
2922, 1809.0, 1754.0, 1859.0, 1
2929, 1759.0, 1809.0, 1864.0, 1
2930, 1814.0, 1759.0, 1864.0, 1
2934, 314.0, 1539.0, 1869.0, 0
2935, 1539.0, 1594.0, 1869.0, 1
2936, 1594.0, 1814.0, 1869.0, 1
2940, 1074.0, 1384.0, 1874.0, 0
2941, 1609.0, 1074.0, 1874.0, 0
2942, 1384.0, 1439.0, 1874.0, 0
2943, 1664.0, 1609.0, 1874.0, 1
2944, 1824.0, 1664.0, 1874.0, 1
2945, 1439.0, 1769.0, 1874.0, 0
2959, 1829.0, 1774.0, 1879.0, 1
2972, 1834.0, 1779.0, 1884.0, 1
2984, 1839.0, 1784.0, 1889.0, 1
2995, 1844.0, 1789.0, 1894.0, 1
3005, 1849.0, 1794.0, 1899.0, 1
3014, 1854.0, 1799.0, 1904.0, 1
3022, 1859.0, 1804.0, 1909.0, 1
3029, 1864.0, 1809.0, 1914.0, 1
3037, 1869.0, 1814.0, 1919.0, 1
3042, 1774.0, 1824.0, 1924.0, 1
3043, 1879.0, 1774.0, 1924.0, 1
3044, 1824.0, 1874.0, 1924.0, 1
3054, 1779.0, 1829.0, 1929.0, 1
3055, 1884.0, 1779.0, 1929.0, 1
3056, 1829.0, 1879.0, 1929.0, 1
3067, 1784.0, 1834.0, 1934.0, 1
3068, 1889.0, 1784.0, 1934.0, 1
3069, 1834.0, 1884.0, 1934.0, 1
3079, 1789.0, 1839.0, 1939.0, 1
3080, 1894.0, 1789.0, 1939.0, 1
3081, 1839.0, 1889.0, 1939.0, 1
3090, 1794.0, 1844.0, 1944.0, 1
3091, 1899.0, 1794.0, 1944.0, 1
3092, 1844.0, 1894.0, 1944.0, 1
3100, 1799.0, 1849.0, 1949.0, 1
3101, 1904.0, 1799.0, 1949.0, 1
3102, 1849.0, 1899.0, 1949.0, 1
3109, 1804.0, 1854.0, 1954.0, 1
3110, 1909.0, 1804.0, 1954.0, 1
3111, 1854.0, 1904.0, 1954.0, 1
3117, 1809.0, 1859.0, 1959.0, 1
3118, 1914.0, 1809.0, 1959.0, 1
3119, 1859.0, 1909.0, 1959.0, 1
3126, 1814.0, 1864.0, 1964.0, 1
3127, 1919.0, 1814.0, 1964.0, 1
3128, 1864.0, 1914.0, 1964.0, 1
3202, 1914.0, 1959.0, 2004.0, 1
3203, 1964.0, 1914.0, 2004.0, 1
3208, 1769.0, 1819.0, 2009.0, 0
3209, 1874.0, 1769.0, 2009.0, 0
3211, 1924.0, 1874.0, 2009.0, 1
3212, 1969.0, 1924.0, 2009.0, 1
3221, 1879.0, 1924.0, 2014.0, 1
3222, 1924.0, 1969.0, 2014.0, 1
3223, 1929.0, 1879.0, 2014.0, 1
3224, 1974.0, 1929.0, 2014.0, 1
3234, 1884.0, 1929.0, 2019.0, 1
3235, 1929.0, 1974.0, 2019.0, 1
3236, 1934.0, 1884.0, 2019.0, 1
3237, 1979.0, 1934.0, 2019.0, 1
3246, 1889.0, 1934.0, 2024.0, 1
3247, 1934.0, 1979.0, 2024.0, 1
3248, 1939.0, 1889.0, 2024.0, 1
3249, 1984.0, 1939.0, 2024.0, 1
3257, 1894.0, 1939.0, 2029.0, 1
3258, 1939.0, 1984.0, 2029.0, 1
3259, 1944.0, 1894.0, 2029.0, 1
3260, 1989.0, 1944.0, 2029.0, 1
3267, 1899.0, 1944.0, 2034.0, 1
3268, 1944.0, 1989.0, 2034.0, 1
3269, 1949.0, 1899.0, 2034.0, 1
3270, 1994.0, 1949.0, 2034.0, 1
3276, 1904.0, 1949.0, 2039.0, 1
3277, 1949.0, 1994.0, 2039.0, 1
3278, 1954.0, 1904.0, 2039.0, 1
3279, 1999.0, 1954.0, 2039.0, 1
3284, 1909.0, 1954.0, 2044.0, 1
3285, 1954.0, 1999.0, 2044.0, 1
3286, 1959.0, 1909.0, 2044.0, 1
3287, 2004.0, 1959.0, 2044.0, 1
3289, 1964.0, 2004.0, 2044.0, 0
3294, 1969.0, 2009.0, 2049.0, 1
3295, 2014.0, 1969.0, 2049.0, 1
3303, 1974.0, 2014.0, 2054.0, 1
3304, 2019.0, 1974.0, 2054.0, 1
3313, 1979.0, 2019.0, 2059.0, 1
3314, 2024.0, 1979.0, 2059.0, 1
3322, 1984.0, 2024.0, 2064.0, 1
3323, 2029.0, 1984.0, 2064.0, 1
3330, 1989.0, 2029.0, 2069.0, 1
3331, 2034.0, 1989.0, 2069.0, 1
3337, 1994.0, 2034.0, 2074.0, 1
3338, 2039.0, 1994.0, 2074.0, 1
3344, 1964.0, 2044.0, 2079.0, 0
3345, 1999.0, 2039.0, 2079.0, 1
3346, 2044.0, 1999.0, 2079.0, 1
3348, 2039.0, 2074.0, 2079.0, 1
3351, 2014.0, 2049.0, 2084.0, 1
3352, 2054.0, 2014.0, 2084.0, 1
3359, 2019.0, 2054.0, 2089.0, 1
3360, 2059.0, 2019.0, 2089.0, 1
3368, 2024.0, 2059.0, 2094.0, 1
3369, 2064.0, 2024.0, 2094.0, 1
3376, 2029.0, 2064.0, 2099.0, 1
3377, 2069.0, 2029.0, 2099.0, 1
3383, 2034.0, 2069.0, 2104.0, 1
3384, 2074.0, 2034.0, 2104.0, 1
3388, 2079.0, 2074.0, 2104.0, 1
3389, 2009.0, 1819.0, 2109.0, 0
3390, 2049.0, 2009.0, 2109.0, 1
3392, 2084.0, 2049.0, 2109.0, 1
3393, 2054.0, 2084.0, 2109.0, 1
3401, 2089.0, 2054.0, 2114.0, 1
3402, 2054.0, 2109.0, 2114.0, 1
3407, 2064.0, 2094.0, 2119.0, 1
3414, 2069.0, 2099.0, 2124.0, 1
3415, 2104.0, 2069.0, 2124.0, 1
3417, 2079.0, 2104.0, 2124.0, 0
3418, 2099.0, 2064.0, 2124.0, 1
3419, 2064.0, 2119.0, 2124.0, 1
3422, 2109.0, 1819.0, 2129.0, 0
3423, 2059.0, 2089.0, 2129.0, 1
3424, 2089.0, 2114.0, 2129.0, 1
3425, 2114.0, 2109.0, 2129.0, 1
3426, 2094.0, 2059.0, 2129.0, 1
3427, 2119.0, 2094.0, 2129.0, 1
3429, 2124.0, 2119.0, 2129.0, 0
