0.0, 223.0, 113.0
1.0, 224.0, 113.0
2.0, 225.0, 113.0
3.0, 226.0, 113.0
4.0, 227.0, 113.0
5.0, 228.0, 113.0
6.0, 229.0, 113.0
7.0, 230.0, 113.0
8.0, 231.0, 113.0
9.0, 232.0, 113.0
10.0, 233.0, 113.0
11.0, 234.0, 113.0
12.0, 235.0, 113.0
13.0, 236.0, 113.0
14.0, 237.0, 113.0
15.0, 238.0, 113.0
16.0, 239.0, 113.0
17.0, 240.0, 113.0
18.0, 241.0, 113.0
19.0, 242.0, 113.0
20.0, 243.0, 113.0
21.0, 244.0, 113.0
22.0, 245.0, 113.0
23.0, 246.0, 113.0
24.0, 247.0, 113.0
25.0, 248.0, 113.0
26.0, 249.0, 113.0
27.0, 250.0, 113.0
28.0, 251.0, 113.0
29.0, 205.0, 114.0
30.0, 206.0, 114.0
31.0, 207.0, 114.0
32.0, 208.0, 114.0
33.0, 209.0, 114.0
34.0, 210.0, 114.0
35.0, 211.0, 114.0
36.0, 212.0, 114.0
37.0, 213.0, 114.0
38.0, 214.0, 114.0
39.0, 215.0, 114.0
40.0, 216.0, 114.0
41.0, 217.0, 114.0
42.0, 218.0, 114.0
43.0, 219.0, 114.0
44.0, 220.0, 114.0
45.0, 221.0, 114.0
46.0, 222.0, 114.0
47.0, 252.0, 114.0
48.0, 253.0, 114.0
49.0, 254.0, 114.0
50.0, 255.0, 114.0
51.0, 256.0, 114.0
52.0, 257.0, 114.0
53.0, 258.0, 114.0
54.0, 192.0, 115.0
55.0, 193.0, 115.0
56.0, 194.0, 115.0
57.0, 195.0, 115.0
58.0, 196.0, 115.0
59.0, 197.0, 115.0
60.0, 198.0, 115.0
61.0, 199.0, 115.0
62.0, 200.0, 115.0
63.0, 201.0, 115.0
64.0, 202.0, 115.0
65.0, 203.0, 115.0
66.0, 204.0, 115.0
67.0, 259.0, 115.0
68.0, 260.0, 115.0
69.0, 261.0, 115.0
70.0, 262.0, 115.0
71.0, 183.0, 116.0
72.0, 184.0, 116.0
73.0, 185.0, 116.0
74.0, 186.0, 116.0
75.0, 187.0, 116.0
76.0, 188.0, 116.0
77.0, 189.0, 116.0
78.0, 190.0, 116.0
79.0, 191.0, 116.0
80.0, 263.0, 116.0
81.0, 264.0, 116.0
82.0, 176.0, 117.0
83.0, 177.0, 117.0
84.0, 178.0, 117.0
85.0, 179.0, 117.0
86.0, 180.0, 117.0
87.0, 181.0, 117.0
88.0, 182.0, 117.0
89.0, 265.0, 117.0
90.0, 266.0, 117.0
91.0, 171.0, 118.0
92.0, 172.0, 118.0
93.0, 173.0, 118.0
94.0, 174.0, 118.0
95.0, 175.0, 118.0
96.0, 267.0, 118.0
97.0, 166.0, 119.0
98.0, 167.0, 119.0
99.0, 168.0, 119.0
100.0, 169.0, 119.0
101.0, 170.0, 119.0
102.0, 268.0, 119.0
103.0, 163.0, 120.0
104.0, 164.0, 120.0
105.0, 165.0, 120.0
106.0, 269.0, 120.0
107.0, 160.0, 121.0
108.0, 161.0, 121.0
109.0, 162.0, 121.0
110.0, 270.0, 121.0
111.0, 158.0, 122.0
112.0, 159.0, 122.0
113.0, 270.0, 122.0
114.0, 156.0, 123.0
115.0, 157.0, 123.0
116.0, 271.0, 123.0
117.0, 154.0, 124.0
118.0, 155.0, 124.0
119.0, 272.0, 124.0
120.0, 152.0, 125.0
121.0, 153.0, 125.0
122.0, 272.0, 125.0
123.0, 151.0, 126.0
124.0, 273.0, 126.0
125.0, 150.0, 127.0
126.0, 273.0, 127.0
127.0, 150.0, 128.0
128.0, 273.0, 128.0
129.0, 149.0, 129.0
130.0, 274.0, 129.0
131.0, 148.0, 130.0
132.0, 274.0, 130.0
133.0, 148.0, 131.0
134.0, 274.0, 131.0
135.0, 147.0, 132.0
136.0, 274.0, 132.0
137.0, 147.0, 133.0
138.0, 274.0, 133.0
139.0, 146.0, 134.0
140.0, 275.0, 134.0
141.0, 146.0, 135.0
142.0, 275.0, 135.0
143.0, 146.0, 136.0
144.0, 275.0, 136.0
145.0, 146.0, 137.0
146.0, 275.0, 137.0
147.0, 145.0, 138.0
148.0, 275.0, 138.0
149.0, 145.0, 139.0
150.0, 275.0, 139.0
151.0, 145.0, 140.0
152.0, 275.0, 140.0
153.0, 145.0, 141.0
154.0, 275.0, 141.0
155.0, 144.0, 142.0
156.0, 275.0, 142.0
157.0, 144.0, 143.0
158.0, 275.0, 143.0
159.0, 144.0, 144.0
160.0, 275.0, 144.0
161.0, 144.0, 145.0
162.0, 275.0, 145.0
163.0, 143.0, 146.0
164.0, 276.0, 146.0
165.0, 143.0, 147.0
166.0, 276.0, 147.0
167.0, 143.0, 148.0
168.0, 276.0, 148.0
169.0, 143.0, 149.0
170.0, 276.0, 149.0
171.0, 142.0, 150.0
172.0, 276.0, 150.0
173.0, 142.0, 151.0
174.0, 276.0, 151.0
175.0, 141.0, 152.0
176.0, 276.0, 152.0
177.0, 141.0, 153.0
178.0, 276.0, 153.0
179.0, 141.0, 154.0
180.0, 276.0, 154.0
181.0, 140.0, 155.0
182.0, 276.0, 155.0
183.0, 139.0, 156.0
184.0, 276.0, 156.0
185.0, 139.0, 157.0
186.0, 276.0, 157.0
187.0, 138.0, 158.0
188.0, 276.0, 158.0
189.0, 934.0, 158.0
190.0, 935.0, 158.0
191.0, 936.0, 158.0
192.0, 937.0, 158.0
193.0, 938.0, 158.0
194.0, 939.0, 158.0
195.0, 940.0, 158.0
196.0, 138.0, 159.0
197.0, 276.0, 159.0
198.0, 929.0, 159.0
199.0, 930.0, 159.0
200.0, 931.0, 159.0
201.0, 932.0, 159.0
202.0, 933.0, 159.0
203.0, 941.0, 159.0
204.0, 942.0, 159.0
205.0, 943.0, 159.0
206.0, 944.0, 159.0
207.0, 137.0, 160.0
208.0, 276.0, 160.0
209.0, 925.0, 160.0
210.0, 926.0, 160.0
211.0, 927.0, 160.0
212.0, 928.0, 160.0
213.0, 945.0, 160.0
214.0, 946.0, 160.0
215.0, 947.0, 160.0
216.0, 136.0, 161.0
217.0, 276.0, 161.0
218.0, 923.0, 161.0
219.0, 924.0, 161.0
220.0, 948.0, 161.0
221.0, 949.0, 161.0
222.0, 950.0, 161.0
223.0, 135.0, 162.0
224.0, 276.0, 162.0
225.0, 920.0, 162.0
226.0, 921.0, 162.0
227.0, 922.0, 162.0
228.0, 951.0, 162.0
229.0, 952.0, 162.0
230.0, 135.0, 163.0
231.0, 275.0, 163.0
232.0, 918.0, 163.0
233.0, 919.0, 163.0
234.0, 953.0, 163.0
235.0, 954.0, 163.0
236.0, 134.0, 164.0
237.0, 275.0, 164.0
238.0, 916.0, 164.0
239.0, 917.0, 164.0
240.0, 955.0, 164.0
241.0, 956.0, 164.0
242.0, 133.0, 165.0
243.0, 275.0, 165.0
244.0, 914.0, 165.0
245.0, 915.0, 165.0
246.0, 957.0, 165.0
247.0, 132.0, 166.0
248.0, 275.0, 166.0
249.0, 912.0, 166.0
250.0, 913.0, 166.0
251.0, 958.0, 166.0
252.0, 959.0, 166.0
253.0, 131.0, 167.0
254.0, 275.0, 167.0
255.0, 910.0, 167.0
256.0, 911.0, 167.0
257.0, 960.0, 167.0
258.0, 961.0, 167.0
259.0, 130.0, 168.0
260.0, 275.0, 168.0
261.0, 908.0, 168.0
262.0, 909.0, 168.0
263.0, 962.0, 168.0
264.0, 129.0, 169.0
265.0, 275.0, 169.0
266.0, 906.0, 169.0
267.0, 907.0, 169.0
268.0, 963.0, 169.0
269.0, 964.0, 169.0
270.0, 128.0, 170.0
271.0, 275.0, 170.0
272.0, 904.0, 170.0
273.0, 905.0, 170.0
274.0, 965.0, 170.0
275.0, 966.0, 170.0
276.0, 127.0, 171.0
277.0, 275.0, 171.0
278.0, 903.0, 171.0
279.0, 967.0, 171.0
280.0, 125.0, 172.0
281.0, 126.0, 172.0
282.0, 275.0, 172.0
283.0, 901.0, 172.0
284.0, 902.0, 172.0
285.0, 968.0, 172.0
286.0, 969.0, 172.0
287.0, 124.0, 173.0
288.0, 275.0, 173.0
289.0, 899.0, 173.0
290.0, 900.0, 173.0
291.0, 970.0, 173.0
292.0, 123.0, 174.0
293.0, 275.0, 174.0
294.0, 897.0, 174.0
295.0, 898.0, 174.0
296.0, 971.0, 174.0
297.0, 972.0, 174.0
298.0, 122.0, 175.0
299.0, 275.0, 175.0
300.0, 895.0, 175.0
301.0, 896.0, 175.0
302.0, 973.0, 175.0
303.0, 120.0, 176.0
304.0, 121.0, 176.0
305.0, 275.0, 176.0
306.0, 894.0, 176.0
307.0, 974.0, 176.0
308.0, 975.0, 176.0
309.0, 119.0, 177.0
310.0, 275.0, 177.0
311.0, 891.0, 177.0
312.0, 892.0, 177.0
313.0, 893.0, 177.0
314.0, 975.0, 177.0
315.0, 118.0, 178.0
316.0, 275.0, 178.0
317.0, 890.0, 178.0
318.0, 976.0, 178.0
319.0, 116.0, 179.0
320.0, 117.0, 179.0
321.0, 275.0, 179.0
322.0, 888.0, 179.0
323.0, 889.0, 179.0
324.0, 977.0, 179.0
325.0, 978.0, 179.0
326.0, 115.0, 180.0
327.0, 275.0, 180.0
328.0, 887.0, 180.0
329.0, 979.0, 180.0
330.0, 112.0, 181.0
331.0, 113.0, 181.0
332.0, 114.0, 181.0
333.0, 275.0, 181.0
334.0, 887.0, 181.0
335.0, 980.0, 181.0
336.0, 111.0, 182.0
337.0, 275.0, 182.0
338.0, 886.0, 182.0
339.0, 981.0, 182.0
340.0, 982.0, 182.0
341.0, 110.0, 183.0
342.0, 275.0, 183.0
343.0, 886.0, 183.0
344.0, 982.0, 183.0
345.0, 109.0, 184.0
346.0, 275.0, 184.0
347.0, 885.0, 184.0
348.0, 983.0, 184.0
349.0, 109.0, 185.0
350.0, 275.0, 185.0
351.0, 884.0, 185.0
352.0, 983.0, 185.0
353.0, 108.0, 186.0
354.0, 275.0, 186.0
355.0, 883.0, 186.0
356.0, 984.0, 186.0
357.0, 107.0, 187.0
358.0, 275.0, 187.0
359.0, 881.0, 187.0
360.0, 882.0, 187.0
361.0, 984.0, 187.0
362.0, 107.0, 188.0
363.0, 274.0, 188.0
364.0, 881.0, 188.0
365.0, 985.0, 188.0
366.0, 106.0, 189.0
367.0, 274.0, 189.0
368.0, 880.0, 189.0
369.0, 985.0, 189.0
370.0, 106.0, 190.0
371.0, 274.0, 190.0
372.0, 879.0, 190.0
373.0, 986.0, 190.0
374.0, 105.0, 191.0
375.0, 274.0, 191.0
376.0, 878.0, 191.0
377.0, 986.0, 191.0
378.0, 104.0, 192.0
379.0, 274.0, 192.0
380.0, 877.0, 192.0
381.0, 987.0, 192.0
382.0, 104.0, 193.0
383.0, 274.0, 193.0
384.0, 876.0, 193.0
385.0, 987.0, 193.0
386.0, 104.0, 194.0
387.0, 274.0, 194.0
388.0, 875.0, 194.0
389.0, 988.0, 194.0
390.0, 103.0, 195.0
391.0, 274.0, 195.0
392.0, 874.0, 195.0
393.0, 988.0, 195.0
394.0, 103.0, 196.0
395.0, 274.0, 196.0
396.0, 874.0, 196.0
397.0, 989.0, 196.0
398.0, 103.0, 197.0
399.0, 274.0, 197.0
400.0, 873.0, 197.0
401.0, 989.0, 197.0
402.0, 102.0, 198.0
403.0, 274.0, 198.0
404.0, 872.0, 198.0
405.0, 989.0, 198.0
406.0, 102.0, 199.0
407.0, 274.0, 199.0
408.0, 871.0, 199.0
409.0, 990.0, 199.0
410.0, 102.0, 200.0
411.0, 273.0, 200.0
412.0, 870.0, 200.0
413.0, 990.0, 200.0
414.0, 101.0, 201.0
415.0, 274.0, 201.0
416.0, 869.0, 201.0
417.0, 991.0, 201.0
418.0, 101.0, 202.0
419.0, 274.0, 202.0
420.0, 869.0, 202.0
421.0, 991.0, 202.0
422.0, 101.0, 203.0
423.0, 274.0, 203.0
424.0, 868.0, 203.0
425.0, 991.0, 203.0
426.0, 101.0, 204.0
427.0, 275.0, 204.0
428.0, 867.0, 204.0
429.0, 992.0, 204.0
430.0, 101.0, 205.0
431.0, 275.0, 205.0
432.0, 866.0, 205.0
433.0, 992.0, 205.0
434.0, 101.0, 206.0
435.0, 275.0, 206.0
436.0, 866.0, 206.0
437.0, 993.0, 206.0
438.0, 101.0, 207.0
439.0, 275.0, 207.0
440.0, 865.0, 207.0
441.0, 993.0, 207.0
442.0, 101.0, 208.0
443.0, 275.0, 208.0
444.0, 864.0, 208.0
445.0, 993.0, 208.0
446.0, 101.0, 209.0
447.0, 275.0, 209.0
448.0, 863.0, 209.0
449.0, 993.0, 209.0
450.0, 101.0, 210.0
451.0, 276.0, 210.0
452.0, 863.0, 210.0
453.0, 994.0, 210.0
454.0, 101.0, 211.0
455.0, 276.0, 211.0
456.0, 862.0, 211.0
457.0, 994.0, 211.0
458.0, 101.0, 212.0
459.0, 276.0, 212.0
460.0, 862.0, 212.0
461.0, 994.0, 212.0
462.0, 101.0, 213.0
463.0, 276.0, 213.0
464.0, 861.0, 213.0
465.0, 994.0, 213.0
466.0, 101.0, 214.0
467.0, 276.0, 214.0
468.0, 861.0, 214.0
469.0, 994.0, 214.0
470.0, 102.0, 215.0
471.0, 276.0, 215.0
472.0, 860.0, 215.0
473.0, 994.0, 215.0
474.0, 102.0, 216.0
475.0, 275.0, 216.0
476.0, 860.0, 216.0
477.0, 994.0, 216.0
478.0, 102.0, 217.0
479.0, 275.0, 217.0
480.0, 859.0, 217.0
481.0, 994.0, 217.0
482.0, 103.0, 218.0
483.0, 275.0, 218.0
484.0, 859.0, 218.0
485.0, 994.0, 218.0
486.0, 103.0, 219.0
487.0, 275.0, 219.0
488.0, 859.0, 219.0
489.0, 994.0, 219.0
490.0, 103.0, 220.0
491.0, 274.0, 220.0
492.0, 858.0, 220.0
493.0, 994.0, 220.0
494.0, 104.0, 221.0
495.0, 274.0, 221.0
496.0, 858.0, 221.0
497.0, 994.0, 221.0
498.0, 104.0, 222.0
499.0, 274.0, 222.0
500.0, 858.0, 222.0
501.0, 994.0, 222.0
502.0, 104.0, 223.0
503.0, 273.0, 223.0
504.0, 858.0, 223.0
505.0, 994.0, 223.0
506.0, 105.0, 224.0
507.0, 273.0, 224.0
508.0, 858.0, 224.0
509.0, 993.0, 224.0
510.0, 105.0, 225.0
511.0, 272.0, 225.0
512.0, 858.0, 225.0
513.0, 993.0, 225.0
514.0, 106.0, 226.0
515.0, 272.0, 226.0
516.0, 858.0, 226.0
517.0, 993.0, 226.0
518.0, 107.0, 227.0
519.0, 271.0, 227.0
520.0, 858.0, 227.0
521.0, 992.0, 227.0
522.0, 107.0, 228.0
523.0, 271.0, 228.0
524.0, 858.0, 228.0
525.0, 992.0, 228.0
526.0, 108.0, 229.0
527.0, 270.0, 229.0
528.0, 858.0, 229.0
529.0, 991.0, 229.0
530.0, 109.0, 230.0
531.0, 269.0, 230.0
532.0, 858.0, 230.0
533.0, 991.0, 230.0
534.0, 109.0, 231.0
535.0, 268.0, 231.0
536.0, 858.0, 231.0
537.0, 990.0, 231.0
538.0, 110.0, 232.0
539.0, 267.0, 232.0
540.0, 858.0, 232.0
541.0, 989.0, 232.0
542.0, 111.0, 233.0
543.0, 266.0, 233.0
544.0, 858.0, 233.0
545.0, 989.0, 233.0
546.0, 112.0, 234.0
547.0, 265.0, 234.0
548.0, 858.0, 234.0
549.0, 988.0, 234.0
550.0, 113.0, 235.0
551.0, 264.0, 235.0
552.0, 858.0, 235.0
553.0, 987.0, 235.0
554.0, 114.0, 236.0
555.0, 263.0, 236.0
556.0, 858.0, 236.0
557.0, 986.0, 236.0
558.0, 115.0, 237.0
559.0, 262.0, 237.0
560.0, 859.0, 237.0
561.0, 985.0, 237.0
562.0, 116.0, 238.0
563.0, 261.0, 238.0
564.0, 859.0, 238.0
565.0, 984.0, 238.0
566.0, 117.0, 239.0
567.0, 259.0, 239.0
568.0, 260.0, 239.0
569.0, 859.0, 239.0
570.0, 983.0, 239.0
571.0, 118.0, 240.0
572.0, 258.0, 240.0
573.0, 859.0, 240.0
574.0, 982.0, 240.0
575.0, 119.0, 241.0
576.0, 120.0, 241.0
577.0, 256.0, 241.0
578.0, 257.0, 241.0
579.0, 859.0, 241.0
580.0, 981.0, 241.0
581.0, 121.0, 242.0
582.0, 255.0, 242.0
583.0, 860.0, 242.0
584.0, 980.0, 242.0
585.0, 122.0, 243.0
586.0, 254.0, 243.0
587.0, 860.0, 243.0
588.0, 979.0, 243.0
589.0, 123.0, 244.0
590.0, 124.0, 244.0
591.0, 252.0, 244.0
592.0, 253.0, 244.0
593.0, 860.0, 244.0
594.0, 978.0, 244.0
595.0, 125.0, 245.0
596.0, 250.0, 245.0
597.0, 251.0, 245.0
598.0, 860.0, 245.0
599.0, 977.0, 245.0
600.0, 126.0, 246.0
601.0, 127.0, 246.0
602.0, 249.0, 246.0
603.0, 861.0, 246.0
604.0, 976.0, 246.0
605.0, 128.0, 247.0
606.0, 129.0, 247.0
607.0, 247.0, 247.0
608.0, 248.0, 247.0
609.0, 861.0, 247.0
610.0, 975.0, 247.0
611.0, 130.0, 248.0
612.0, 245.0, 248.0
613.0, 246.0, 248.0
614.0, 861.0, 248.0
615.0, 974.0, 248.0
616.0, 131.0, 249.0
617.0, 132.0, 249.0
618.0, 243.0, 249.0
619.0, 244.0, 249.0
620.0, 862.0, 249.0
621.0, 973.0, 249.0
622.0, 133.0, 250.0
623.0, 134.0, 250.0
624.0, 242.0, 250.0
625.0, 862.0, 250.0
626.0, 972.0, 250.0
627.0, 135.0, 251.0
628.0, 136.0, 251.0
629.0, 137.0, 251.0
630.0, 240.0, 251.0
631.0, 241.0, 251.0
632.0, 862.0, 251.0
633.0, 971.0, 251.0
634.0, 138.0, 252.0
635.0, 139.0, 252.0
636.0, 238.0, 252.0
637.0, 239.0, 252.0
638.0, 863.0, 252.0
639.0, 969.0, 252.0
640.0, 970.0, 252.0
641.0, 140.0, 253.0
642.0, 141.0, 253.0
643.0, 236.0, 253.0
644.0, 237.0, 253.0
645.0, 863.0, 253.0
646.0, 968.0, 253.0
647.0, 142.0, 254.0
648.0, 143.0, 254.0
649.0, 144.0, 254.0
650.0, 234.0, 254.0
651.0, 235.0, 254.0
652.0, 863.0, 254.0
653.0, 967.0, 254.0
654.0, 145.0, 255.0
655.0, 146.0, 255.0
656.0, 147.0, 255.0
657.0, 232.0, 255.0
658.0, 233.0, 255.0
659.0, 864.0, 255.0
660.0, 966.0, 255.0
661.0, 148.0, 256.0
662.0, 149.0, 256.0
663.0, 150.0, 256.0
664.0, 230.0, 256.0
665.0, 231.0, 256.0
666.0, 864.0, 256.0
667.0, 965.0, 256.0
668.0, 151.0, 257.0
669.0, 152.0, 257.0
670.0, 153.0, 257.0
671.0, 228.0, 257.0
672.0, 229.0, 257.0
673.0, 865.0, 257.0
674.0, 964.0, 257.0
675.0, 154.0, 258.0
676.0, 155.0, 258.0
677.0, 156.0, 258.0
678.0, 157.0, 258.0
679.0, 158.0, 258.0
680.0, 226.0, 258.0
681.0, 227.0, 258.0
682.0, 865.0, 258.0
683.0, 866.0, 258.0
684.0, 963.0, 258.0
685.0, 159.0, 259.0
686.0, 160.0, 259.0
687.0, 161.0, 259.0
688.0, 162.0, 259.0
689.0, 163.0, 259.0
690.0, 224.0, 259.0
691.0, 225.0, 259.0
692.0, 867.0, 259.0
693.0, 868.0, 259.0
694.0, 961.0, 259.0
695.0, 962.0, 259.0
696.0, 164.0, 260.0
697.0, 165.0, 260.0
698.0, 166.0, 260.0
699.0, 167.0, 260.0
700.0, 168.0, 260.0
701.0, 221.0, 260.0
702.0, 222.0, 260.0
703.0, 223.0, 260.0
704.0, 869.0, 260.0
705.0, 960.0, 260.0
706.0, 169.0, 261.0
707.0, 170.0, 261.0
708.0, 171.0, 261.0
709.0, 172.0, 261.0
710.0, 173.0, 261.0
711.0, 174.0, 261.0
712.0, 175.0, 261.0
713.0, 176.0, 261.0
714.0, 177.0, 261.0
715.0, 219.0, 261.0
716.0, 220.0, 261.0
717.0, 870.0, 261.0
718.0, 871.0, 261.0
719.0, 959.0, 261.0
720.0, 178.0, 262.0
721.0, 179.0, 262.0
722.0, 180.0, 262.0
723.0, 181.0, 262.0
724.0, 182.0, 262.0
725.0, 183.0, 262.0
726.0, 184.0, 262.0
727.0, 185.0, 262.0
728.0, 186.0, 262.0
729.0, 187.0, 262.0
730.0, 188.0, 262.0
731.0, 189.0, 262.0
732.0, 190.0, 262.0
733.0, 191.0, 262.0
734.0, 192.0, 262.0
735.0, 193.0, 262.0
736.0, 194.0, 262.0
737.0, 202.0, 262.0
738.0, 203.0, 262.0
739.0, 204.0, 262.0
740.0, 205.0, 262.0
741.0, 206.0, 262.0
742.0, 207.0, 262.0
743.0, 208.0, 262.0
744.0, 209.0, 262.0
745.0, 210.0, 262.0
746.0, 211.0, 262.0
747.0, 212.0, 262.0
748.0, 213.0, 262.0
749.0, 214.0, 262.0
750.0, 215.0, 262.0
751.0, 216.0, 262.0
752.0, 217.0, 262.0
753.0, 218.0, 262.0
754.0, 872.0, 262.0
755.0, 958.0, 262.0
756.0, 195.0, 263.0
757.0, 196.0, 263.0
758.0, 197.0, 263.0
759.0, 198.0, 263.0
760.0, 199.0, 263.0
761.0, 200.0, 263.0
762.0, 201.0, 263.0
763.0, 873.0, 263.0
764.0, 956.0, 263.0
765.0, 957.0, 263.0
766.0, 874.0, 264.0
767.0, 953.0, 264.0
768.0, 954.0, 264.0
769.0, 955.0, 264.0
770.0, 875.0, 265.0
771.0, 951.0, 265.0
772.0, 952.0, 265.0
773.0, 876.0, 266.0
774.0, 877.0, 266.0
775.0, 948.0, 266.0
776.0, 949.0, 266.0
777.0, 950.0, 266.0
778.0, 878.0, 267.0
779.0, 946.0, 267.0
780.0, 947.0, 267.0
781.0, 879.0, 268.0
782.0, 943.0, 268.0
783.0, 944.0, 268.0
784.0, 945.0, 268.0
785.0, 879.0, 269.0
786.0, 880.0, 269.0
787.0, 881.0, 269.0
788.0, 941.0, 269.0
789.0, 942.0, 269.0
790.0, 882.0, 270.0
791.0, 883.0, 270.0
792.0, 938.0, 270.0
793.0, 939.0, 270.0
794.0, 940.0, 270.0
795.0, 884.0, 271.0
796.0, 936.0, 271.0
797.0, 937.0, 271.0
798.0, 885.0, 272.0
799.0, 886.0, 272.0
800.0, 933.0, 272.0
801.0, 934.0, 272.0
802.0, 935.0, 272.0
803.0, 887.0, 273.0
804.0, 888.0, 273.0
805.0, 930.0, 273.0
806.0, 931.0, 273.0
807.0, 932.0, 273.0
808.0, 889.0, 274.0
809.0, 890.0, 274.0
810.0, 927.0, 274.0
811.0, 928.0, 274.0
812.0, 929.0, 274.0
813.0, 891.0, 275.0
814.0, 892.0, 275.0
815.0, 924.0, 275.0
816.0, 925.0, 275.0
817.0, 926.0, 275.0
818.0, 893.0, 276.0
819.0, 894.0, 276.0
820.0, 895.0, 276.0
821.0, 920.0, 276.0
822.0, 921.0, 276.0
823.0, 922.0, 276.0
824.0, 923.0, 276.0
825.0, 896.0, 277.0
826.0, 897.0, 277.0
827.0, 898.0, 277.0
828.0, 899.0, 277.0
829.0, 916.0, 277.0
830.0, 917.0, 277.0
831.0, 918.0, 277.0
832.0, 919.0, 277.0
833.0, 900.0, 278.0
834.0, 901.0, 278.0
835.0, 902.0, 278.0
836.0, 903.0, 278.0
837.0, 904.0, 278.0
838.0, 905.0, 278.0
839.0, 906.0, 278.0
840.0, 907.0, 278.0
841.0, 908.0, 278.0
842.0, 909.0, 278.0
843.0, 910.0, 278.0
844.0, 911.0, 278.0
845.0, 912.0, 278.0
846.0, 913.0, 278.0
847.0, 914.0, 278.0
848.0, 915.0, 278.0
849.0, 608.0, 314.0
850.0, 609.0, 314.0
851.0, 610.0, 314.0
852.0, 611.0, 314.0
853.0, 612.0, 314.0
854.0, 613.0, 314.0
855.0, 614.0, 314.0
856.0, 615.0, 314.0
857.0, 616.0, 314.0
858.0, 617.0, 314.0
859.0, 618.0, 314.0
860.0, 619.0, 314.0
861.0, 601.0, 315.0
862.0, 602.0, 315.0
863.0, 603.0, 315.0
864.0, 604.0, 315.0
865.0, 605.0, 315.0
866.0, 606.0, 315.0
867.0, 607.0, 315.0
868.0, 620.0, 315.0
869.0, 621.0, 315.0
870.0, 622.0, 315.0
871.0, 623.0, 315.0
872.0, 624.0, 315.0
873.0, 625.0, 315.0
874.0, 626.0, 315.0
875.0, 627.0, 315.0
876.0, 628.0, 315.0
877.0, 629.0, 315.0
878.0, 630.0, 315.0
879.0, 631.0, 315.0
880.0, 536.0, 316.0
881.0, 537.0, 316.0
882.0, 538.0, 316.0
883.0, 539.0, 316.0
884.0, 540.0, 316.0
885.0, 541.0, 316.0
886.0, 542.0, 316.0
887.0, 543.0, 316.0
888.0, 544.0, 316.0
889.0, 545.0, 316.0
890.0, 546.0, 316.0
891.0, 547.0, 316.0
892.0, 548.0, 316.0
893.0, 549.0, 316.0
894.0, 550.0, 316.0
895.0, 551.0, 316.0
896.0, 552.0, 316.0
897.0, 553.0, 316.0
898.0, 554.0, 316.0
899.0, 555.0, 316.0
900.0, 556.0, 316.0
901.0, 557.0, 316.0
902.0, 558.0, 316.0
903.0, 559.0, 316.0
904.0, 560.0, 316.0
905.0, 561.0, 316.0
906.0, 562.0, 316.0
907.0, 563.0, 316.0
908.0, 564.0, 316.0
909.0, 565.0, 316.0
910.0, 566.0, 316.0
911.0, 567.0, 316.0
912.0, 568.0, 316.0
913.0, 569.0, 316.0
914.0, 570.0, 316.0
915.0, 571.0, 316.0
916.0, 572.0, 316.0
917.0, 573.0, 316.0
918.0, 574.0, 316.0
919.0, 575.0, 316.0
920.0, 576.0, 316.0
921.0, 577.0, 316.0
922.0, 578.0, 316.0
923.0, 579.0, 316.0
924.0, 580.0, 316.0
925.0, 581.0, 316.0
926.0, 582.0, 316.0
927.0, 583.0, 316.0
928.0, 584.0, 316.0
929.0, 585.0, 316.0
930.0, 586.0, 316.0
931.0, 587.0, 316.0
932.0, 588.0, 316.0
933.0, 589.0, 316.0
934.0, 590.0, 316.0
935.0, 591.0, 316.0
936.0, 592.0, 316.0
937.0, 593.0, 316.0
938.0, 594.0, 316.0
939.0, 595.0, 316.0
940.0, 596.0, 316.0
941.0, 597.0, 316.0
942.0, 598.0, 316.0
943.0, 599.0, 316.0
944.0, 600.0, 316.0
945.0, 632.0, 316.0
946.0, 633.0, 316.0
947.0, 634.0, 316.0
948.0, 635.0, 316.0
949.0, 533.0, 317.0
950.0, 534.0, 317.0
951.0, 535.0, 317.0
952.0, 636.0, 317.0
953.0, 637.0, 317.0
954.0, 531.0, 318.0
955.0, 532.0, 318.0
956.0, 638.0, 318.0
957.0, 639.0, 318.0
958.0, 640.0, 318.0
959.0, 528.0, 319.0
960.0, 529.0, 319.0
961.0, 530.0, 319.0
962.0, 641.0, 319.0
963.0, 524.0, 320.0
964.0, 525.0, 320.0
965.0, 526.0, 320.0
966.0, 527.0, 320.0
967.0, 642.0, 320.0
968.0, 643.0, 320.0
969.0, 644.0, 320.0
970.0, 518.0, 321.0
971.0, 519.0, 321.0
972.0, 520.0, 321.0
973.0, 521.0, 321.0
974.0, 522.0, 321.0
975.0, 523.0, 321.0
976.0, 645.0, 321.0
977.0, 515.0, 322.0
978.0, 516.0, 322.0
979.0, 517.0, 322.0
980.0, 646.0, 322.0
981.0, 647.0, 322.0
982.0, 513.0, 323.0
983.0, 514.0, 323.0
984.0, 648.0, 323.0
985.0, 649.0, 323.0
986.0, 512.0, 324.0
987.0, 650.0, 324.0
988.0, 510.0, 325.0
989.0, 511.0, 325.0
990.0, 651.0, 325.0
991.0, 507.0, 326.0
992.0, 508.0, 326.0
993.0, 509.0, 326.0
994.0, 652.0, 326.0
995.0, 653.0, 326.0
996.0, 654.0, 326.0
997.0, 504.0, 327.0
998.0, 505.0, 327.0
999.0, 506.0, 327.0
1000.0, 655.0, 327.0
1001.0, 503.0, 328.0
1002.0, 656.0, 328.0
1003.0, 501.0, 329.0
1004.0, 502.0, 329.0
1005.0, 657.0, 329.0
1006.0, 500.0, 330.0
1007.0, 502.0, 330.0
1008.0, 658.0, 330.0
1009.0, 500.0, 331.0
1010.0, 501.0, 331.0
1011.0, 659.0, 331.0
1012.0, 499.0, 332.0
1013.0, 660.0, 332.0
1014.0, 497.0, 333.0
1015.0, 498.0, 333.0
1016.0, 660.0, 333.0
1017.0, 495.0, 334.0
1018.0, 496.0, 334.0
1019.0, 661.0, 334.0
1020.0, 493.0, 335.0
1021.0, 494.0, 335.0
1022.0, 661.0, 335.0
1023.0, 493.0, 336.0
1024.0, 662.0, 336.0
1025.0, 492.0, 337.0
1026.0, 663.0, 337.0
1027.0, 664.0, 337.0
1028.0, 492.0, 338.0
1029.0, 664.0, 338.0
1030.0, 490.0, 339.0
1031.0, 491.0, 339.0
1032.0, 665.0, 339.0
1033.0, 666.0, 339.0
1034.0, 489.0, 340.0
1035.0, 666.0, 340.0
1036.0, 487.0, 341.0
1037.0, 488.0, 341.0
1038.0, 667.0, 341.0
1039.0, 487.0, 342.0
1040.0, 667.0, 342.0
1041.0, 487.0, 343.0
1042.0, 668.0, 343.0
1043.0, 485.0, 344.0
1044.0, 486.0, 344.0
1045.0, 669.0, 344.0
1046.0, 484.0, 345.0
1047.0, 669.0, 345.0
1048.0, 484.0, 346.0
1049.0, 670.0, 346.0
1050.0, 483.0, 347.0
1051.0, 670.0, 347.0
1052.0, 483.0, 348.0
1053.0, 671.0, 348.0
1054.0, 482.0, 349.0
1055.0, 672.0, 349.0
1056.0, 482.0, 350.0
1057.0, 673.0, 350.0
1058.0, 482.0, 351.0
1059.0, 673.0, 351.0
1060.0, 481.0, 352.0
1061.0, 674.0, 352.0
1062.0, 481.0, 353.0
1063.0, 675.0, 353.0
1064.0, 480.0, 354.0
1065.0, 675.0, 354.0
1066.0, 480.0, 355.0
1067.0, 675.0, 355.0
1068.0, 480.0, 356.0
1069.0, 676.0, 356.0
1070.0, 479.0, 357.0
1071.0, 677.0, 357.0
1072.0, 479.0, 358.0
1073.0, 677.0, 358.0
1074.0, 479.0, 359.0
1075.0, 677.0, 359.0
1076.0, 479.0, 360.0
1077.0, 677.0, 360.0
1078.0, 479.0, 361.0
1079.0, 677.0, 361.0
1080.0, 479.0, 362.0
1081.0, 677.0, 362.0
1082.0, 479.0, 363.0
1083.0, 677.0, 363.0
1084.0, 479.0, 364.0
1085.0, 677.0, 364.0
1086.0, 479.0, 365.0
1087.0, 677.0, 365.0
1088.0, 479.0, 366.0
1089.0, 677.0, 366.0
1090.0, 479.0, 367.0
1091.0, 677.0, 367.0
1092.0, 479.0, 368.0
1093.0, 677.0, 368.0
1094.0, 479.0, 369.0
1095.0, 677.0, 369.0
1096.0, 479.0, 370.0
1097.0, 677.0, 370.0
1098.0, 479.0, 371.0
1099.0, 677.0, 371.0
1100.0, 479.0, 372.0
1101.0, 677.0, 372.0
1102.0, 479.0, 373.0
1103.0, 677.0, 373.0
1104.0, 479.0, 374.0
1105.0, 677.0, 374.0
1106.0, 479.0, 375.0
1107.0, 677.0, 375.0
1108.0, 479.0, 376.0
1109.0, 676.0, 376.0
1110.0, 479.0, 377.0
1111.0, 676.0, 377.0
1112.0, 480.0, 378.0
1113.0, 676.0, 378.0
1114.0, 480.0, 379.0
1115.0, 676.0, 379.0
1116.0, 480.0, 380.0
1117.0, 675.0, 380.0
1118.0, 481.0, 381.0
1119.0, 675.0, 381.0
1120.0, 481.0, 382.0
1121.0, 674.0, 382.0
1122.0, 481.0, 383.0
1123.0, 674.0, 383.0
1124.0, 482.0, 384.0
1125.0, 674.0, 384.0
1126.0, 482.0, 385.0
1127.0, 674.0, 385.0
1128.0, 483.0, 386.0
1129.0, 674.0, 386.0
1130.0, 483.0, 387.0
1131.0, 673.0, 387.0
1132.0, 484.0, 388.0
1133.0, 672.0, 388.0
1134.0, 484.0, 389.0
1135.0, 671.0, 389.0
1136.0, 484.0, 390.0
1137.0, 485.0, 390.0
1138.0, 671.0, 390.0
1139.0, 486.0, 391.0
1140.0, 670.0, 391.0
1141.0, 486.0, 392.0
1142.0, 669.0, 392.0
1143.0, 487.0, 393.0
1144.0, 669.0, 393.0
1145.0, 488.0, 394.0
1146.0, 668.0, 394.0
1147.0, 489.0, 395.0
1148.0, 667.0, 395.0
1149.0, 490.0, 396.0
1150.0, 666.0, 396.0
1151.0, 491.0, 397.0
1152.0, 492.0, 397.0
1153.0, 665.0, 397.0
1154.0, 493.0, 398.0
1155.0, 664.0, 398.0
1156.0, 494.0, 399.0
1157.0, 495.0, 399.0
1158.0, 663.0, 399.0
1159.0, 496.0, 400.0
1160.0, 663.0, 400.0
1161.0, 497.0, 401.0
1162.0, 498.0, 401.0
1163.0, 661.0, 401.0
1164.0, 662.0, 401.0
1165.0, 499.0, 402.0
1166.0, 500.0, 402.0
1167.0, 501.0, 402.0
1168.0, 502.0, 402.0
1169.0, 659.0, 402.0
1170.0, 660.0, 402.0
1171.0, 503.0, 403.0
1172.0, 655.0, 403.0
1173.0, 656.0, 403.0
1174.0, 657.0, 403.0
1175.0, 658.0, 403.0
1176.0, 504.0, 404.0
1177.0, 505.0, 404.0
1178.0, 506.0, 404.0
1179.0, 507.0, 404.0
1180.0, 654.0, 404.0
1181.0, 508.0, 405.0
1182.0, 509.0, 405.0
1183.0, 510.0, 405.0
1184.0, 653.0, 405.0
1185.0, 511.0, 406.0
1186.0, 512.0, 406.0
1187.0, 648.0, 406.0
1188.0, 649.0, 406.0
1189.0, 650.0, 406.0
1190.0, 651.0, 406.0
1191.0, 652.0, 406.0
1192.0, 513.0, 407.0
1193.0, 514.0, 407.0
1194.0, 645.0, 407.0
1195.0, 646.0, 407.0
1196.0, 647.0, 407.0
1197.0, 515.0, 408.0
1198.0, 516.0, 408.0
1199.0, 517.0, 408.0
1200.0, 641.0, 408.0
1201.0, 642.0, 408.0
1202.0, 643.0, 408.0
1203.0, 644.0, 408.0
1204.0, 518.0, 409.0
1205.0, 519.0, 409.0
1206.0, 636.0, 409.0
1207.0, 637.0, 409.0
1208.0, 638.0, 409.0
1209.0, 639.0, 409.0
1210.0, 640.0, 409.0
1211.0, 520.0, 410.0
1212.0, 521.0, 410.0
1213.0, 522.0, 410.0
1214.0, 523.0, 410.0
1215.0, 524.0, 410.0
1216.0, 631.0, 410.0
1217.0, 632.0, 410.0
1218.0, 633.0, 410.0
1219.0, 634.0, 410.0
1220.0, 635.0, 410.0
1221.0, 525.0, 411.0
1222.0, 526.0, 411.0
1223.0, 527.0, 411.0
1224.0, 528.0, 411.0
1225.0, 529.0, 411.0
1226.0, 530.0, 411.0
1227.0, 531.0, 411.0
1228.0, 532.0, 411.0
1229.0, 627.0, 411.0
1230.0, 628.0, 411.0
1231.0, 629.0, 411.0
1232.0, 630.0, 411.0
1233.0, 533.0, 412.0
1234.0, 534.0, 412.0
1235.0, 535.0, 412.0
1236.0, 536.0, 412.0
1237.0, 537.0, 412.0
1238.0, 624.0, 412.0
1239.0, 625.0, 412.0
1240.0, 626.0, 412.0
1241.0, 538.0, 413.0
1242.0, 539.0, 413.0
1243.0, 540.0, 413.0
1244.0, 541.0, 413.0
1245.0, 542.0, 413.0
1246.0, 543.0, 413.0
1247.0, 611.0, 413.0
1248.0, 612.0, 413.0
1249.0, 613.0, 413.0
1250.0, 614.0, 413.0
1251.0, 615.0, 413.0
1252.0, 616.0, 413.0
1253.0, 617.0, 413.0
1254.0, 618.0, 413.0
1255.0, 619.0, 413.0
1256.0, 620.0, 413.0
1257.0, 621.0, 413.0
1258.0, 622.0, 413.0
1259.0, 623.0, 413.0
1260.0, 544.0, 414.0
1261.0, 545.0, 414.0
1262.0, 546.0, 414.0
1263.0, 547.0, 414.0
1264.0, 548.0, 414.0
1265.0, 549.0, 414.0
1266.0, 602.0, 414.0
1267.0, 603.0, 414.0
1268.0, 604.0, 414.0
1269.0, 605.0, 414.0
1270.0, 606.0, 414.0
1271.0, 607.0, 414.0
1272.0, 608.0, 414.0
1273.0, 609.0, 414.0
1274.0, 610.0, 414.0
1275.0, 550.0, 415.0
1276.0, 551.0, 415.0
1277.0, 552.0, 415.0
1278.0, 553.0, 415.0
1279.0, 554.0, 415.0
1280.0, 598.0, 415.0
1281.0, 599.0, 415.0
1282.0, 600.0, 415.0
1283.0, 601.0, 415.0
1284.0, 555.0, 416.0
1285.0, 556.0, 416.0
1286.0, 557.0, 416.0
1287.0, 558.0, 416.0
1288.0, 559.0, 416.0
1289.0, 560.0, 416.0
1290.0, 561.0, 416.0
1291.0, 595.0, 416.0
1292.0, 596.0, 416.0
1293.0, 597.0, 416.0
1294.0, 562.0, 417.0
1295.0, 563.0, 417.0
1296.0, 564.0, 417.0
1297.0, 565.0, 417.0
1298.0, 566.0, 417.0
1299.0, 567.0, 417.0
1300.0, 568.0, 417.0
1301.0, 569.0, 417.0
1302.0, 570.0, 417.0
1303.0, 571.0, 417.0
1304.0, 572.0, 417.0
1305.0, 573.0, 417.0
1306.0, 574.0, 417.0
1307.0, 575.0, 417.0
1308.0, 576.0, 417.0
1309.0, 577.0, 417.0
1310.0, 578.0, 417.0
1311.0, 579.0, 417.0
1312.0, 580.0, 417.0
1313.0, 581.0, 417.0
1314.0, 582.0, 417.0
1315.0, 583.0, 417.0
1316.0, 584.0, 417.0
1317.0, 585.0, 417.0
1318.0, 586.0, 417.0
1319.0, 587.0, 417.0
1320.0, 588.0, 417.0
1321.0, 589.0, 417.0
1322.0, 590.0, 417.0
1323.0, 591.0, 417.0
1324.0, 592.0, 417.0
1325.0, 593.0, 417.0
1326.0, 594.0, 417.0
1327.0, 241.0, 576.0
1328.0, 242.0, 576.0
1329.0, 243.0, 576.0
1330.0, 244.0, 576.0
1331.0, 245.0, 576.0
1332.0, 246.0, 576.0
1333.0, 236.0, 577.0
1334.0, 237.0, 577.0
1335.0, 238.0, 577.0
1336.0, 239.0, 577.0
1337.0, 240.0, 577.0
1338.0, 247.0, 577.0
1339.0, 248.0, 577.0
1340.0, 249.0, 577.0
1341.0, 250.0, 577.0
1342.0, 232.0, 578.0
1343.0, 233.0, 578.0
1344.0, 234.0, 578.0
1345.0, 235.0, 578.0
1346.0, 251.0, 578.0
1347.0, 252.0, 578.0
1348.0, 229.0, 579.0
1349.0, 230.0, 579.0
1350.0, 231.0, 579.0
1351.0, 253.0, 579.0
1352.0, 226.0, 580.0
1353.0, 227.0, 580.0
1354.0, 228.0, 580.0
1355.0, 254.0, 580.0
1356.0, 224.0, 581.0
1357.0, 225.0, 581.0
1358.0, 254.0, 581.0
1359.0, 221.0, 582.0
1360.0, 222.0, 582.0
1361.0, 223.0, 582.0
1362.0, 255.0, 582.0
1363.0, 219.0, 583.0
1364.0, 220.0, 583.0
1365.0, 256.0, 583.0
1366.0, 216.0, 584.0
1367.0, 217.0, 584.0
1368.0, 218.0, 584.0
1369.0, 256.0, 584.0
1370.0, 214.0, 585.0
1371.0, 215.0, 585.0
1372.0, 256.0, 585.0
1373.0, 212.0, 586.0
1374.0, 213.0, 586.0
1375.0, 256.0, 586.0
1376.0, 210.0, 587.0
1377.0, 211.0, 587.0
1378.0, 257.0, 587.0
1379.0, 207.0, 588.0
1380.0, 208.0, 588.0
1381.0, 209.0, 588.0
1382.0, 257.0, 588.0
1383.0, 205.0, 589.0
1384.0, 206.0, 589.0
1385.0, 257.0, 589.0
1386.0, 203.0, 590.0
1387.0, 204.0, 590.0
1388.0, 257.0, 590.0
1389.0, 201.0, 591.0
1390.0, 202.0, 591.0
1391.0, 257.0, 591.0
1392.0, 199.0, 592.0
1393.0, 200.0, 592.0
1394.0, 257.0, 592.0
1395.0, 197.0, 593.0
1396.0, 198.0, 593.0
1397.0, 257.0, 593.0
1398.0, 195.0, 594.0
1399.0, 196.0, 594.0
1400.0, 257.0, 594.0
1401.0, 193.0, 595.0
1402.0, 194.0, 595.0
1403.0, 257.0, 595.0
1404.0, 900.0, 595.0
1405.0, 901.0, 595.0
1406.0, 902.0, 595.0
1407.0, 903.0, 595.0
1408.0, 904.0, 595.0
1409.0, 905.0, 595.0
1410.0, 906.0, 595.0
1411.0, 192.0, 596.0
1412.0, 257.0, 596.0
1413.0, 895.0, 596.0
1414.0, 896.0, 596.0
1415.0, 897.0, 596.0
1416.0, 898.0, 596.0
1417.0, 899.0, 596.0
1418.0, 907.0, 596.0
1419.0, 908.0, 596.0
1420.0, 909.0, 596.0
1421.0, 191.0, 597.0
1422.0, 257.0, 597.0
1423.0, 893.0, 597.0
1424.0, 894.0, 597.0
1425.0, 910.0, 597.0
1426.0, 911.0, 597.0
1427.0, 189.0, 598.0
1428.0, 190.0, 598.0
1429.0, 257.0, 598.0
1430.0, 891.0, 598.0
1431.0, 892.0, 598.0
1432.0, 912.0, 598.0
1433.0, 913.0, 598.0
1434.0, 188.0, 599.0
1435.0, 257.0, 599.0
1436.0, 889.0, 599.0
1437.0, 890.0, 599.0
1438.0, 914.0, 599.0
1439.0, 186.0, 600.0
1440.0, 187.0, 600.0
1441.0, 257.0, 600.0
1442.0, 887.0, 600.0
1443.0, 888.0, 600.0
1444.0, 915.0, 600.0
1445.0, 916.0, 600.0
1446.0, 185.0, 601.0
1447.0, 257.0, 601.0
1448.0, 885.0, 601.0
1449.0, 886.0, 601.0
1450.0, 917.0, 601.0
1451.0, 184.0, 602.0
1452.0, 257.0, 602.0
1453.0, 884.0, 602.0
1454.0, 918.0, 602.0
1455.0, 182.0, 603.0
1456.0, 183.0, 603.0
1457.0, 257.0, 603.0
1458.0, 882.0, 603.0
1459.0, 883.0, 603.0
1460.0, 919.0, 603.0
1461.0, 181.0, 604.0
1462.0, 256.0, 604.0
1463.0, 881.0, 604.0
1464.0, 920.0, 604.0
1465.0, 180.0, 605.0
1466.0, 256.0, 605.0
1467.0, 880.0, 605.0
1468.0, 921.0, 605.0
1469.0, 179.0, 606.0
1470.0, 256.0, 606.0
1471.0, 878.0, 606.0
1472.0, 879.0, 606.0
1473.0, 922.0, 606.0
1474.0, 178.0, 607.0
1475.0, 256.0, 607.0
1476.0, 877.0, 607.0
1477.0, 922.0, 607.0
1478.0, 176.0, 608.0
1479.0, 177.0, 608.0
1480.0, 256.0, 608.0
1481.0, 875.0, 608.0
1482.0, 876.0, 608.0
1483.0, 923.0, 608.0
1484.0, 175.0, 609.0
1485.0, 256.0, 609.0
1486.0, 874.0, 609.0
1487.0, 924.0, 609.0
1488.0, 174.0, 610.0
1489.0, 255.0, 610.0
1490.0, 873.0, 610.0
1491.0, 925.0, 610.0
1492.0, 173.0, 611.0
1493.0, 255.0, 611.0
1494.0, 872.0, 611.0
1495.0, 925.0, 611.0
1496.0, 172.0, 612.0
1497.0, 255.0, 612.0
1498.0, 870.0, 612.0
1499.0, 871.0, 612.0
1500.0, 926.0, 612.0
1501.0, 171.0, 613.0
1502.0, 255.0, 613.0
1503.0, 869.0, 613.0
1504.0, 927.0, 613.0
1505.0, 170.0, 614.0
1506.0, 255.0, 614.0
1507.0, 868.0, 614.0
1508.0, 927.0, 614.0
1509.0, 169.0, 615.0
1510.0, 254.0, 615.0
1511.0, 867.0, 615.0
1512.0, 928.0, 615.0
1513.0, 168.0, 616.0
1514.0, 254.0, 616.0
1515.0, 866.0, 616.0
1516.0, 929.0, 616.0
1517.0, 167.0, 617.0
1518.0, 254.0, 617.0
1519.0, 864.0, 617.0
1520.0, 865.0, 617.0
1521.0, 929.0, 617.0
1522.0, 166.0, 618.0
1523.0, 254.0, 618.0
1524.0, 863.0, 618.0
1525.0, 930.0, 618.0
1526.0, 165.0, 619.0
1527.0, 254.0, 619.0
1528.0, 862.0, 619.0
1529.0, 930.0, 619.0
1530.0, 165.0, 620.0
1531.0, 253.0, 620.0
1532.0, 861.0, 620.0
1533.0, 931.0, 620.0
1534.0, 164.0, 621.0
1535.0, 253.0, 621.0
1536.0, 860.0, 621.0
1537.0, 931.0, 621.0
1538.0, 163.0, 622.0
1539.0, 253.0, 622.0
1540.0, 858.0, 622.0
1541.0, 859.0, 622.0
1542.0, 932.0, 622.0
1543.0, 162.0, 623.0
1544.0, 253.0, 623.0
1545.0, 857.0, 623.0
1546.0, 933.0, 623.0
1547.0, 162.0, 624.0
1548.0, 252.0, 624.0
1549.0, 856.0, 624.0
1550.0, 933.0, 624.0
1551.0, 161.0, 625.0
1552.0, 252.0, 625.0
1553.0, 855.0, 625.0
1554.0, 934.0, 625.0
1555.0, 160.0, 626.0
1556.0, 252.0, 626.0
1557.0, 854.0, 626.0
1558.0, 934.0, 626.0
1559.0, 160.0, 627.0
1560.0, 252.0, 627.0
1561.0, 853.0, 627.0
1562.0, 935.0, 627.0
1563.0, 159.0, 628.0
1564.0, 251.0, 628.0
1565.0, 852.0, 628.0
1566.0, 935.0, 628.0
1567.0, 158.0, 629.0
1568.0, 251.0, 629.0
1569.0, 850.0, 629.0
1570.0, 851.0, 629.0
1571.0, 936.0, 629.0
1572.0, 158.0, 630.0
1573.0, 251.0, 630.0
1574.0, 849.0, 630.0
1575.0, 936.0, 630.0
1576.0, 157.0, 631.0
1577.0, 251.0, 631.0
1578.0, 848.0, 631.0
1579.0, 937.0, 631.0
1580.0, 157.0, 632.0
1581.0, 250.0, 632.0
1582.0, 847.0, 632.0
1583.0, 937.0, 632.0
1584.0, 156.0, 633.0
1585.0, 250.0, 633.0
1586.0, 732.0, 633.0
1587.0, 733.0, 633.0
1588.0, 734.0, 633.0
1589.0, 735.0, 633.0
1590.0, 736.0, 633.0
1591.0, 737.0, 633.0
1592.0, 738.0, 633.0
1593.0, 739.0, 633.0
1594.0, 740.0, 633.0
1595.0, 741.0, 633.0
1596.0, 742.0, 633.0
1597.0, 743.0, 633.0
1598.0, 744.0, 633.0
1599.0, 745.0, 633.0
1600.0, 746.0, 633.0
1601.0, 846.0, 633.0
1602.0, 938.0, 633.0
1603.0, 156.0, 634.0
1604.0, 250.0, 634.0
1605.0, 726.0, 634.0
1606.0, 727.0, 634.0
1607.0, 728.0, 634.0
1608.0, 729.0, 634.0
1609.0, 730.0, 634.0
1610.0, 731.0, 634.0
1611.0, 747.0, 634.0
1612.0, 748.0, 634.0
1613.0, 749.0, 634.0
1614.0, 750.0, 634.0
1615.0, 845.0, 634.0
1616.0, 938.0, 634.0
1617.0, 155.0, 635.0
1618.0, 249.0, 635.0
1619.0, 723.0, 635.0
1620.0, 724.0, 635.0
1621.0, 725.0, 635.0
1622.0, 751.0, 635.0
1623.0, 752.0, 635.0
1624.0, 753.0, 635.0
1625.0, 844.0, 635.0
1626.0, 939.0, 635.0
1627.0, 155.0, 636.0
1628.0, 249.0, 636.0
1629.0, 719.0, 636.0
1630.0, 720.0, 636.0
1631.0, 721.0, 636.0
1632.0, 722.0, 636.0
1633.0, 754.0, 636.0
1634.0, 755.0, 636.0
1635.0, 756.0, 636.0
1636.0, 843.0, 636.0
1637.0, 939.0, 636.0
1638.0, 154.0, 637.0
1639.0, 249.0, 637.0
1640.0, 716.0, 637.0
1641.0, 717.0, 637.0
1642.0, 718.0, 637.0
1643.0, 757.0, 637.0
1644.0, 758.0, 637.0
1645.0, 843.0, 637.0
1646.0, 940.0, 637.0
1647.0, 154.0, 638.0
1648.0, 249.0, 638.0
1649.0, 714.0, 638.0
1650.0, 715.0, 638.0
1651.0, 759.0, 638.0
1652.0, 760.0, 638.0
1653.0, 842.0, 638.0
1654.0, 940.0, 638.0
1655.0, 153.0, 639.0
1656.0, 248.0, 639.0
1657.0, 711.0, 639.0
1658.0, 712.0, 639.0
1659.0, 713.0, 639.0
1660.0, 761.0, 639.0
1661.0, 762.0, 639.0
1662.0, 841.0, 639.0
1663.0, 941.0, 639.0
1664.0, 153.0, 640.0
1665.0, 248.0, 640.0
1666.0, 709.0, 640.0
1667.0, 710.0, 640.0
1668.0, 763.0, 640.0
1669.0, 840.0, 640.0
1670.0, 941.0, 640.0
1671.0, 153.0, 641.0
1672.0, 248.0, 641.0
1673.0, 707.0, 641.0
1674.0, 708.0, 641.0
1675.0, 764.0, 641.0
1676.0, 765.0, 641.0
1677.0, 839.0, 641.0
1678.0, 942.0, 641.0
1679.0, 152.0, 642.0
1680.0, 248.0, 642.0
1681.0, 705.0, 642.0
1682.0, 706.0, 642.0
1683.0, 766.0, 642.0
1684.0, 838.0, 642.0
1685.0, 942.0, 642.0
1686.0, 152.0, 643.0
1687.0, 247.0, 643.0
1688.0, 703.0, 643.0
1689.0, 704.0, 643.0
1690.0, 767.0, 643.0
1691.0, 768.0, 643.0
1692.0, 838.0, 643.0
1693.0, 943.0, 643.0
1694.0, 152.0, 644.0
1695.0, 247.0, 644.0
1696.0, 701.0, 644.0
1697.0, 702.0, 644.0
1698.0, 769.0, 644.0
1699.0, 837.0, 644.0
1700.0, 943.0, 644.0
1701.0, 152.0, 645.0
1702.0, 247.0, 645.0
1703.0, 699.0, 645.0
1704.0, 700.0, 645.0
1705.0, 770.0, 645.0
1706.0, 836.0, 645.0
1707.0, 944.0, 645.0
1708.0, 152.0, 646.0
1709.0, 246.0, 646.0
1710.0, 697.0, 646.0
1711.0, 698.0, 646.0
1712.0, 771.0, 646.0
1713.0, 835.0, 646.0
1714.0, 944.0, 646.0
1715.0, 151.0, 647.0
1716.0, 246.0, 647.0
1717.0, 696.0, 647.0
1718.0, 772.0, 647.0
1719.0, 834.0, 647.0
1720.0, 944.0, 647.0
1721.0, 151.0, 648.0
1722.0, 246.0, 648.0
1723.0, 694.0, 648.0
1724.0, 695.0, 648.0
1725.0, 773.0, 648.0
1726.0, 833.0, 648.0
1727.0, 945.0, 648.0
1728.0, 151.0, 649.0
1729.0, 246.0, 649.0
1730.0, 692.0, 649.0
1731.0, 693.0, 649.0
1732.0, 774.0, 649.0
1733.0, 832.0, 649.0
1734.0, 945.0, 649.0
1735.0, 151.0, 650.0
1736.0, 246.0, 650.0
1737.0, 690.0, 650.0
1738.0, 691.0, 650.0
1739.0, 775.0, 650.0
1740.0, 831.0, 650.0
1741.0, 946.0, 650.0
1742.0, 151.0, 651.0
1743.0, 246.0, 651.0
1744.0, 689.0, 651.0
1745.0, 776.0, 651.0
1746.0, 777.0, 651.0
1747.0, 830.0, 651.0
1748.0, 946.0, 651.0
1749.0, 151.0, 652.0
1750.0, 246.0, 652.0
1751.0, 687.0, 652.0
1752.0, 688.0, 652.0
1753.0, 778.0, 652.0
1754.0, 829.0, 652.0
1755.0, 947.0, 652.0
1756.0, 151.0, 653.0
1757.0, 247.0, 653.0
1758.0, 686.0, 653.0
1759.0, 779.0, 653.0
1760.0, 828.0, 653.0
1761.0, 947.0, 653.0
1762.0, 151.0, 654.0
1763.0, 247.0, 654.0
1764.0, 684.0, 654.0
1765.0, 685.0, 654.0
1766.0, 780.0, 654.0
1767.0, 827.0, 654.0
1768.0, 948.0, 654.0
1769.0, 151.0, 655.0
1770.0, 247.0, 655.0
1771.0, 683.0, 655.0
1772.0, 781.0, 655.0
1773.0, 826.0, 655.0
1774.0, 948.0, 655.0
1775.0, 151.0, 656.0
1776.0, 247.0, 656.0
1777.0, 681.0, 656.0
1778.0, 682.0, 656.0
1779.0, 782.0, 656.0
1780.0, 825.0, 656.0
1781.0, 949.0, 656.0
1782.0, 151.0, 657.0
1783.0, 247.0, 657.0
1784.0, 680.0, 657.0
1785.0, 783.0, 657.0
1786.0, 823.0, 657.0
1787.0, 824.0, 657.0
1788.0, 949.0, 657.0
1789.0, 151.0, 658.0
1790.0, 247.0, 658.0
1791.0, 679.0, 658.0
1792.0, 784.0, 658.0
1793.0, 822.0, 658.0
1794.0, 949.0, 658.0
1795.0, 151.0, 659.0
1796.0, 247.0, 659.0
1797.0, 677.0, 659.0
1798.0, 678.0, 659.0
1799.0, 785.0, 659.0
1800.0, 821.0, 659.0
1801.0, 950.0, 659.0
1802.0, 151.0, 660.0
1803.0, 247.0, 660.0
1804.0, 676.0, 660.0
1805.0, 786.0, 660.0
1806.0, 820.0, 660.0
1807.0, 950.0, 660.0
1808.0, 151.0, 661.0
1809.0, 247.0, 661.0
1810.0, 674.0, 661.0
1811.0, 675.0, 661.0
1812.0, 787.0, 661.0
1813.0, 818.0, 661.0
1814.0, 819.0, 661.0
1815.0, 951.0, 661.0
1816.0, 152.0, 662.0
1817.0, 247.0, 662.0
1818.0, 673.0, 662.0
1819.0, 788.0, 662.0
1820.0, 817.0, 662.0
1821.0, 951.0, 662.0
1822.0, 152.0, 663.0
1823.0, 247.0, 663.0
1824.0, 672.0, 663.0
1825.0, 789.0, 663.0
1826.0, 815.0, 663.0
1827.0, 816.0, 663.0
1828.0, 952.0, 663.0
1829.0, 152.0, 664.0
1830.0, 248.0, 664.0
1831.0, 670.0, 664.0
1832.0, 671.0, 664.0
1833.0, 790.0, 664.0
1834.0, 791.0, 664.0
1835.0, 814.0, 664.0
1836.0, 952.0, 664.0
1837.0, 152.0, 665.0
1838.0, 248.0, 665.0
1839.0, 669.0, 665.0
1840.0, 792.0, 665.0
1841.0, 793.0, 665.0
1842.0, 812.0, 665.0
1843.0, 813.0, 665.0
1844.0, 953.0, 665.0
1845.0, 152.0, 666.0
1846.0, 248.0, 666.0
1847.0, 668.0, 666.0
1848.0, 794.0, 666.0
1849.0, 795.0, 666.0
1850.0, 809.0, 666.0
1851.0, 810.0, 666.0
1852.0, 811.0, 666.0
1853.0, 953.0, 666.0
1854.0, 153.0, 667.0
1855.0, 248.0, 667.0
1856.0, 668.0, 667.0
1857.0, 796.0, 667.0
1858.0, 797.0, 667.0
1859.0, 798.0, 667.0
1860.0, 806.0, 667.0
1861.0, 807.0, 667.0
1862.0, 808.0, 667.0
1863.0, 954.0, 667.0
1864.0, 153.0, 668.0
1865.0, 248.0, 668.0
1866.0, 668.0, 668.0
1867.0, 799.0, 668.0
1868.0, 800.0, 668.0
1869.0, 801.0, 668.0
1870.0, 802.0, 668.0
1871.0, 803.0, 668.0
1872.0, 804.0, 668.0
1873.0, 805.0, 668.0
1874.0, 954.0, 668.0
1875.0, 153.0, 669.0
1876.0, 248.0, 669.0
1877.0, 667.0, 669.0
1878.0, 954.0, 669.0
1879.0, 154.0, 670.0
1880.0, 248.0, 670.0
1881.0, 666.0, 670.0
1882.0, 955.0, 670.0
1883.0, 154.0, 671.0
1884.0, 248.0, 671.0
1885.0, 665.0, 671.0
1886.0, 955.0, 671.0
1887.0, 154.0, 672.0
1888.0, 248.0, 672.0
1889.0, 664.0, 672.0
1890.0, 956.0, 672.0
1891.0, 155.0, 673.0
1892.0, 248.0, 673.0
1893.0, 663.0, 673.0
1894.0, 956.0, 673.0
1895.0, 155.0, 674.0
1896.0, 248.0, 674.0
1897.0, 663.0, 674.0
1898.0, 957.0, 674.0
1899.0, 156.0, 675.0
1900.0, 249.0, 675.0
1901.0, 662.0, 675.0
1902.0, 957.0, 675.0
1903.0, 156.0, 676.0
1904.0, 249.0, 676.0
1905.0, 661.0, 676.0
1906.0, 958.0, 676.0
1907.0, 157.0, 677.0
1908.0, 249.0, 677.0
1909.0, 660.0, 677.0
1910.0, 958.0, 677.0
1911.0, 157.0, 678.0
1912.0, 249.0, 678.0
1913.0, 659.0, 678.0
1914.0, 958.0, 678.0
1915.0, 158.0, 679.0
1916.0, 249.0, 679.0
1917.0, 658.0, 679.0
1918.0, 959.0, 679.0
1919.0, 158.0, 680.0
1920.0, 249.0, 680.0
1921.0, 657.0, 680.0
1922.0, 959.0, 680.0
1923.0, 159.0, 681.0
1924.0, 249.0, 681.0
1925.0, 657.0, 681.0
1926.0, 960.0, 681.0
1927.0, 160.0, 682.0
1928.0, 249.0, 682.0
1929.0, 656.0, 682.0
1930.0, 960.0, 682.0
1931.0, 160.0, 683.0
1932.0, 249.0, 683.0
1933.0, 655.0, 683.0
1934.0, 961.0, 683.0
1935.0, 161.0, 684.0
1936.0, 249.0, 684.0
1937.0, 654.0, 684.0
1938.0, 961.0, 684.0
1939.0, 161.0, 685.0
1940.0, 249.0, 685.0
1941.0, 653.0, 685.0
1942.0, 961.0, 685.0
1943.0, 162.0, 686.0
1944.0, 249.0, 686.0
1945.0, 653.0, 686.0
1946.0, 962.0, 686.0
1947.0, 163.0, 687.0
1948.0, 250.0, 687.0
1949.0, 652.0, 687.0
1950.0, 962.0, 687.0
1951.0, 164.0, 688.0
1952.0, 250.0, 688.0
1953.0, 651.0, 688.0
1954.0, 963.0, 688.0
1955.0, 165.0, 689.0
1956.0, 250.0, 689.0
1957.0, 650.0, 689.0
1958.0, 963.0, 689.0
1959.0, 165.0, 690.0
1960.0, 250.0, 690.0
1961.0, 650.0, 690.0
1962.0, 963.0, 690.0
1963.0, 166.0, 691.0
1964.0, 250.0, 691.0
1965.0, 649.0, 691.0
1966.0, 963.0, 691.0
1967.0, 167.0, 692.0
1968.0, 250.0, 692.0
1969.0, 648.0, 692.0
1970.0, 963.0, 692.0
1971.0, 168.0, 693.0
1972.0, 250.0, 693.0
1973.0, 648.0, 693.0
1974.0, 963.0, 693.0
1975.0, 169.0, 694.0
1976.0, 250.0, 694.0
1977.0, 647.0, 694.0
1978.0, 963.0, 694.0
1979.0, 170.0, 695.0
1980.0, 250.0, 695.0
1981.0, 646.0, 695.0
1982.0, 963.0, 695.0
1983.0, 171.0, 696.0
1984.0, 250.0, 696.0
1985.0, 646.0, 696.0
1986.0, 963.0, 696.0
1987.0, 172.0, 697.0
1988.0, 250.0, 697.0
1989.0, 645.0, 697.0
1990.0, 963.0, 697.0
1991.0, 173.0, 698.0
1992.0, 250.0, 698.0
1993.0, 644.0, 698.0
1994.0, 963.0, 698.0
1995.0, 174.0, 699.0
1996.0, 250.0, 699.0
1997.0, 644.0, 699.0
1998.0, 963.0, 699.0
1999.0, 175.0, 700.0
2000.0, 251.0, 700.0
2001.0, 643.0, 700.0
2002.0, 963.0, 700.0
2003.0, 176.0, 701.0
2004.0, 251.0, 701.0
2005.0, 642.0, 701.0
2006.0, 963.0, 701.0
2007.0, 177.0, 702.0
2008.0, 251.0, 702.0
2009.0, 642.0, 702.0
2010.0, 963.0, 702.0
2011.0, 178.0, 703.0
2012.0, 251.0, 703.0
2013.0, 641.0, 703.0
2014.0, 963.0, 703.0
2015.0, 179.0, 704.0
2016.0, 251.0, 704.0
2017.0, 641.0, 704.0
2018.0, 963.0, 704.0
2019.0, 180.0, 705.0
2020.0, 181.0, 705.0
2021.0, 251.0, 705.0
2022.0, 640.0, 705.0
2023.0, 963.0, 705.0
2024.0, 182.0, 706.0
2025.0, 251.0, 706.0
2026.0, 639.0, 706.0
2027.0, 963.0, 706.0
2028.0, 183.0, 707.0
2029.0, 251.0, 707.0
2030.0, 639.0, 707.0
2031.0, 963.0, 707.0
2032.0, 184.0, 708.0
2033.0, 185.0, 708.0
2034.0, 251.0, 708.0
2035.0, 638.0, 708.0
2036.0, 963.0, 708.0
2037.0, 186.0, 709.0
2038.0, 251.0, 709.0
2039.0, 638.0, 709.0
2040.0, 963.0, 709.0
2041.0, 187.0, 710.0
2042.0, 251.0, 710.0
2043.0, 637.0, 710.0
2044.0, 963.0, 710.0
2045.0, 188.0, 711.0
2046.0, 189.0, 711.0
2047.0, 251.0, 711.0
2048.0, 637.0, 711.0
2049.0, 963.0, 711.0
2050.0, 190.0, 712.0
2051.0, 251.0, 712.0
2052.0, 636.0, 712.0
2053.0, 963.0, 712.0
2054.0, 191.0, 713.0
2055.0, 251.0, 713.0
2056.0, 636.0, 713.0
2057.0, 962.0, 713.0
2058.0, 192.0, 714.0
2059.0, 251.0, 714.0
2060.0, 635.0, 714.0
2061.0, 962.0, 714.0
2062.0, 193.0, 715.0
2063.0, 194.0, 715.0
2064.0, 251.0, 715.0
2065.0, 635.0, 715.0
2066.0, 962.0, 715.0
2067.0, 195.0, 716.0
2068.0, 251.0, 716.0
2069.0, 634.0, 716.0
2070.0, 962.0, 716.0
2071.0, 196.0, 717.0
2072.0, 197.0, 717.0
2073.0, 251.0, 717.0
2074.0, 634.0, 717.0
2075.0, 962.0, 717.0
2076.0, 198.0, 718.0
2077.0, 251.0, 718.0
2078.0, 634.0, 718.0
2079.0, 962.0, 718.0
2080.0, 199.0, 719.0
2081.0, 200.0, 719.0
2082.0, 251.0, 719.0
2083.0, 633.0, 719.0
2084.0, 962.0, 719.0
2085.0, 201.0, 720.0
2086.0, 251.0, 720.0
2087.0, 633.0, 720.0
2088.0, 962.0, 720.0
2089.0, 202.0, 721.0
2090.0, 203.0, 721.0
2091.0, 251.0, 721.0
2092.0, 633.0, 721.0
2093.0, 961.0, 721.0
2094.0, 204.0, 722.0
2095.0, 251.0, 722.0
2096.0, 632.0, 722.0
2097.0, 961.0, 722.0
2098.0, 205.0, 723.0
2099.0, 206.0, 723.0
2100.0, 251.0, 723.0
2101.0, 632.0, 723.0
2102.0, 961.0, 723.0
2103.0, 207.0, 724.0
2104.0, 208.0, 724.0
2105.0, 250.0, 724.0
2106.0, 632.0, 724.0
2107.0, 961.0, 724.0
2108.0, 209.0, 725.0
2109.0, 250.0, 725.0
2110.0, 631.0, 725.0
2111.0, 960.0, 725.0
2112.0, 210.0, 726.0
2113.0, 211.0, 726.0
2114.0, 250.0, 726.0
2115.0, 631.0, 726.0
2116.0, 960.0, 726.0
2117.0, 212.0, 727.0
2118.0, 250.0, 727.0
2119.0, 631.0, 727.0
2120.0, 960.0, 727.0
2121.0, 213.0, 728.0
2122.0, 214.0, 728.0
2123.0, 250.0, 728.0
2124.0, 631.0, 728.0
2125.0, 959.0, 728.0
2126.0, 215.0, 729.0
2127.0, 216.0, 729.0
2128.0, 250.0, 729.0
2129.0, 630.0, 729.0
2130.0, 959.0, 729.0
2131.0, 217.0, 730.0
2132.0, 249.0, 730.0
2133.0, 630.0, 730.0
2134.0, 958.0, 730.0
2135.0, 218.0, 731.0
2136.0, 219.0, 731.0
2137.0, 249.0, 731.0
2138.0, 630.0, 731.0
2139.0, 958.0, 731.0
2140.0, 220.0, 732.0
2141.0, 221.0, 732.0
2142.0, 249.0, 732.0
2143.0, 630.0, 732.0
2144.0, 957.0, 732.0
2145.0, 222.0, 733.0
2146.0, 223.0, 733.0
2147.0, 248.0, 733.0
2148.0, 630.0, 733.0
2149.0, 957.0, 733.0
2150.0, 224.0, 734.0
2151.0, 225.0, 734.0
2152.0, 248.0, 734.0
2153.0, 630.0, 734.0
2154.0, 956.0, 734.0
2155.0, 226.0, 735.0
2156.0, 227.0, 735.0
2157.0, 247.0, 735.0
2158.0, 629.0, 735.0
2159.0, 955.0, 735.0
2160.0, 228.0, 736.0
2161.0, 229.0, 736.0
2162.0, 246.0, 736.0
2163.0, 629.0, 736.0
2164.0, 954.0, 736.0
2165.0, 230.0, 737.0
2166.0, 231.0, 737.0
2167.0, 232.0, 737.0
2168.0, 245.0, 737.0
2169.0, 629.0, 737.0
2170.0, 953.0, 737.0
2171.0, 233.0, 738.0
2172.0, 234.0, 738.0
2173.0, 235.0, 738.0
2174.0, 243.0, 738.0
2175.0, 244.0, 738.0
2176.0, 629.0, 738.0
2177.0, 952.0, 738.0
2178.0, 236.0, 739.0
2179.0, 237.0, 739.0
2180.0, 238.0, 739.0
2181.0, 239.0, 739.0
2182.0, 240.0, 739.0
2183.0, 241.0, 739.0
2184.0, 242.0, 739.0
2185.0, 629.0, 739.0
2186.0, 951.0, 739.0
2187.0, 629.0, 740.0
2188.0, 950.0, 740.0
2189.0, 629.0, 741.0
2190.0, 948.0, 741.0
2191.0, 949.0, 741.0
2192.0, 630.0, 742.0
2193.0, 947.0, 742.0
2194.0, 630.0, 743.0
2195.0, 945.0, 743.0
2196.0, 946.0, 743.0
2197.0, 630.0, 744.0
2198.0, 943.0, 744.0
2199.0, 944.0, 744.0
2200.0, 630.0, 745.0
2201.0, 941.0, 745.0
2202.0, 942.0, 745.0
2203.0, 630.0, 746.0
2204.0, 939.0, 746.0
2205.0, 940.0, 746.0
2206.0, 630.0, 747.0
2207.0, 936.0, 747.0
2208.0, 937.0, 747.0
2209.0, 938.0, 747.0
2210.0, 631.0, 748.0
2211.0, 934.0, 748.0
2212.0, 935.0, 748.0
2213.0, 631.0, 749.0
2214.0, 931.0, 749.0
2215.0, 932.0, 749.0
2216.0, 933.0, 749.0
2217.0, 631.0, 750.0
2218.0, 928.0, 750.0
2219.0, 929.0, 750.0
2220.0, 930.0, 750.0
2221.0, 632.0, 751.0
2222.0, 925.0, 751.0
2223.0, 926.0, 751.0
2224.0, 927.0, 751.0
2225.0, 632.0, 752.0
2226.0, 921.0, 752.0
2227.0, 922.0, 752.0
2228.0, 923.0, 752.0
2229.0, 924.0, 752.0
2230.0, 632.0, 753.0
2231.0, 917.0, 753.0
2232.0, 918.0, 753.0
2233.0, 919.0, 753.0
2234.0, 920.0, 753.0
2235.0, 633.0, 754.0
2236.0, 913.0, 754.0
2237.0, 914.0, 754.0
2238.0, 915.0, 754.0
2239.0, 916.0, 754.0
2240.0, 633.0, 755.0
2241.0, 909.0, 755.0
2242.0, 910.0, 755.0
2243.0, 911.0, 755.0
2244.0, 912.0, 755.0
2245.0, 634.0, 756.0
2246.0, 905.0, 756.0
2247.0, 906.0, 756.0
2248.0, 907.0, 756.0
2249.0, 908.0, 756.0
2250.0, 634.0, 757.0
2251.0, 900.0, 757.0
2252.0, 901.0, 757.0
2253.0, 902.0, 757.0
2254.0, 903.0, 757.0
2255.0, 904.0, 757.0
2256.0, 635.0, 758.0
2257.0, 896.0, 758.0
2258.0, 897.0, 758.0
2259.0, 898.0, 758.0
2260.0, 899.0, 758.0
2261.0, 636.0, 759.0
2262.0, 891.0, 759.0
2263.0, 892.0, 759.0
2264.0, 893.0, 759.0
2265.0, 894.0, 759.0
2266.0, 895.0, 759.0
2267.0, 637.0, 760.0
2268.0, 886.0, 760.0
2269.0, 887.0, 760.0
2270.0, 888.0, 760.0
2271.0, 889.0, 760.0
2272.0, 890.0, 760.0
2273.0, 637.0, 761.0
2274.0, 881.0, 761.0
2275.0, 882.0, 761.0
2276.0, 883.0, 761.0
2277.0, 884.0, 761.0
2278.0, 885.0, 761.0
2279.0, 638.0, 762.0
2280.0, 875.0, 762.0
2281.0, 876.0, 762.0
2282.0, 877.0, 762.0
2283.0, 878.0, 762.0
2284.0, 879.0, 762.0
2285.0, 880.0, 762.0
2286.0, 639.0, 763.0
2287.0, 870.0, 763.0
2288.0, 871.0, 763.0
2289.0, 872.0, 763.0
2290.0, 873.0, 763.0
2291.0, 874.0, 763.0
2292.0, 640.0, 764.0
2293.0, 865.0, 764.0
2294.0, 866.0, 764.0
2295.0, 867.0, 764.0
2296.0, 868.0, 764.0
2297.0, 869.0, 764.0
2298.0, 641.0, 765.0
2299.0, 859.0, 765.0
2300.0, 860.0, 765.0
2301.0, 861.0, 765.0
2302.0, 862.0, 765.0
2303.0, 863.0, 765.0
2304.0, 864.0, 765.0
2305.0, 642.0, 766.0
2306.0, 643.0, 766.0
2307.0, 854.0, 766.0
2308.0, 855.0, 766.0
2309.0, 856.0, 766.0
2310.0, 857.0, 766.0
2311.0, 858.0, 766.0
2312.0, 644.0, 767.0
2313.0, 848.0, 767.0
2314.0, 849.0, 767.0
2315.0, 850.0, 767.0
2316.0, 851.0, 767.0
2317.0, 852.0, 767.0
2318.0, 853.0, 767.0
2319.0, 645.0, 768.0
2320.0, 843.0, 768.0
2321.0, 844.0, 768.0
2322.0, 845.0, 768.0
2323.0, 846.0, 768.0
2324.0, 847.0, 768.0
2325.0, 646.0, 769.0
2326.0, 647.0, 769.0
2327.0, 837.0, 769.0
2328.0, 838.0, 769.0
2329.0, 839.0, 769.0
2330.0, 840.0, 769.0
2331.0, 841.0, 769.0
2332.0, 842.0, 769.0
2333.0, 648.0, 770.0
2334.0, 649.0, 770.0
2335.0, 832.0, 770.0
2336.0, 833.0, 770.0
2337.0, 834.0, 770.0
2338.0, 835.0, 770.0
2339.0, 836.0, 770.0
2340.0, 650.0, 771.0
2341.0, 826.0, 771.0
2342.0, 827.0, 771.0
2343.0, 828.0, 771.0
2344.0, 829.0, 771.0
2345.0, 830.0, 771.0
2346.0, 831.0, 771.0
2347.0, 651.0, 772.0
2348.0, 652.0, 772.0
2349.0, 822.0, 772.0
2350.0, 823.0, 772.0
2351.0, 824.0, 772.0
2352.0, 825.0, 772.0
2353.0, 653.0, 773.0
2354.0, 654.0, 773.0
2355.0, 655.0, 773.0
2356.0, 816.0, 773.0
2357.0, 817.0, 773.0
2358.0, 818.0, 773.0
2359.0, 819.0, 773.0
2360.0, 820.0, 773.0
2361.0, 821.0, 773.0
2362.0, 656.0, 774.0
2363.0, 657.0, 774.0
2364.0, 811.0, 774.0
2365.0, 812.0, 774.0
2366.0, 813.0, 774.0
2367.0, 814.0, 774.0
2368.0, 815.0, 774.0
2369.0, 658.0, 775.0
2370.0, 659.0, 775.0
2371.0, 660.0, 775.0
2372.0, 805.0, 775.0
2373.0, 806.0, 775.0
2374.0, 807.0, 775.0
2375.0, 808.0, 775.0
2376.0, 809.0, 775.0
2377.0, 810.0, 775.0
2378.0, 661.0, 776.0
2379.0, 662.0, 776.0
2380.0, 663.0, 776.0
2381.0, 799.0, 776.0
2382.0, 800.0, 776.0
2383.0, 801.0, 776.0
2384.0, 802.0, 776.0
2385.0, 803.0, 776.0
2386.0, 804.0, 776.0
2387.0, 664.0, 777.0
2388.0, 665.0, 777.0
2389.0, 666.0, 777.0
2390.0, 792.0, 777.0
2391.0, 793.0, 777.0
2392.0, 794.0, 777.0
2393.0, 795.0, 777.0
2394.0, 796.0, 777.0
2395.0, 797.0, 777.0
2396.0, 798.0, 777.0
2397.0, 667.0, 778.0
2398.0, 668.0, 778.0
2399.0, 669.0, 778.0
2400.0, 785.0, 778.0
2401.0, 786.0, 778.0
2402.0, 787.0, 778.0
2403.0, 788.0, 778.0
2404.0, 789.0, 778.0
2405.0, 790.0, 778.0
2406.0, 791.0, 778.0
2407.0, 670.0, 779.0
2408.0, 671.0, 779.0
2409.0, 672.0, 779.0
2410.0, 673.0, 779.0
2411.0, 778.0, 779.0
2412.0, 779.0, 779.0
2413.0, 780.0, 779.0
2414.0, 781.0, 779.0
2415.0, 782.0, 779.0
2416.0, 783.0, 779.0
2417.0, 784.0, 779.0
2418.0, 674.0, 780.0
2419.0, 675.0, 780.0
2420.0, 676.0, 780.0
2421.0, 677.0, 780.0
2422.0, 678.0, 780.0
2423.0, 769.0, 780.0
2424.0, 770.0, 780.0
2425.0, 771.0, 780.0
2426.0, 772.0, 780.0
2427.0, 773.0, 780.0
2428.0, 774.0, 780.0
2429.0, 775.0, 780.0
2430.0, 776.0, 780.0
2431.0, 777.0, 780.0
2432.0, 679.0, 781.0
2433.0, 680.0, 781.0
2434.0, 681.0, 781.0
2435.0, 682.0, 781.0
2436.0, 683.0, 781.0
2437.0, 684.0, 781.0
2438.0, 685.0, 781.0
2439.0, 759.0, 781.0
2440.0, 760.0, 781.0
2441.0, 761.0, 781.0
2442.0, 762.0, 781.0
2443.0, 763.0, 781.0
2444.0, 764.0, 781.0
2445.0, 765.0, 781.0
2446.0, 766.0, 781.0
2447.0, 767.0, 781.0
2448.0, 768.0, 781.0
2449.0, 686.0, 782.0
2450.0, 687.0, 782.0
2451.0, 688.0, 782.0
2452.0, 689.0, 782.0
2453.0, 690.0, 782.0
2454.0, 691.0, 782.0
2455.0, 692.0, 782.0
2456.0, 693.0, 782.0
2457.0, 748.0, 782.0
2458.0, 749.0, 782.0
2459.0, 750.0, 782.0
2460.0, 751.0, 782.0
2461.0, 752.0, 782.0
2462.0, 753.0, 782.0
2463.0, 754.0, 782.0
2464.0, 755.0, 782.0
2465.0, 756.0, 782.0
2466.0, 757.0, 782.0
2467.0, 758.0, 782.0
2468.0, 694.0, 783.0
2469.0, 695.0, 783.0
2470.0, 696.0, 783.0
2471.0, 697.0, 783.0
2472.0, 698.0, 783.0
2473.0, 699.0, 783.0
2474.0, 700.0, 783.0
2475.0, 701.0, 783.0
2476.0, 702.0, 783.0
2477.0, 703.0, 783.0
2478.0, 704.0, 783.0
2479.0, 705.0, 783.0
2480.0, 706.0, 783.0
2481.0, 707.0, 783.0
2482.0, 708.0, 783.0
2483.0, 709.0, 783.0
2484.0, 710.0, 783.0
2485.0, 726.0, 783.0
2486.0, 727.0, 783.0
2487.0, 728.0, 783.0
2488.0, 729.0, 783.0
2489.0, 730.0, 783.0
2490.0, 731.0, 783.0
2491.0, 732.0, 783.0
2492.0, 733.0, 783.0
2493.0, 734.0, 783.0
2494.0, 735.0, 783.0
2495.0, 736.0, 783.0
2496.0, 737.0, 783.0
2497.0, 738.0, 783.0
2498.0, 739.0, 783.0
2499.0, 740.0, 783.0
2500.0, 741.0, 783.0
2501.0, 742.0, 783.0
2502.0, 743.0, 783.0
2503.0, 744.0, 783.0
2504.0, 745.0, 783.0
2505.0, 746.0, 783.0
2506.0, 747.0, 783.0
2507.0, 711.0, 784.0
2508.0, 712.0, 784.0
2509.0, 713.0, 784.0
2510.0, 714.0, 784.0
2511.0, 715.0, 784.0
2512.0, 716.0, 784.0
2513.0, 717.0, 784.0
2514.0, 718.0, 784.0
2515.0, 719.0, 784.0
2516.0, 720.0, 784.0
2517.0, 721.0, 784.0
2518.0, 722.0, 784.0
2519.0, 723.0, 784.0
2520.0, 724.0, 784.0
2521.0, 725.0, 784.0
